,theta i [rad],r orb [AU],v orb [km s-1],ang orb [rad],r L1 [AU],v i [km s-1],ang i [rad],a p [AU],e p,theta p i [rad],flag impact,v imp [km s-1],ang imp [rad]
0,0.0,0.72,65.8647800854,1.57079632679,0.343063066559,0.926740624316,1.57079632679,0.171560015912,0.999667957219,3.14159265359,1.0,613.641794874,0.111673097005
1,0.0314749859677,0.720133754892,65.8571337212,1.582599142,0.343126797619,1.20020411211,2.27525893669,0.171611193995,0.999676643367,3.14186761024,1.0,613.643051695,0.110213243176
2,0.0629266069621,0.720534787863,65.834219574,1.59439137019,0.343317880396,1.784128119,2.62716583049,0.171764708642,0.999701981635,3.14212035056,1.0,613.646817167,0.105837647455
3,0.0943316160532,0.721202405401,65.7961122333,1.60616247888,0.343635984448,2.46573263374,2.80389779719,0.172020501299,0.999741824048,3.14232885473,1.0,613.653076377,0.0985579847888
4,0.125667001323,0.722135457005,65.7429351961,1.61790204407,0.344080561589,3.18108147669,2.90941147923,0.172378475214,0.999792632125,3.14247149151,1.0,613.661804653,0.0883929808524
5,0.156910100038,0.723332343149,65.6748596535,1.62959980291,0.344650849681,3.90969013925,2.98148352158,0.172838496695,0.999849537854,3.14252720159,1.0,613.672967832,0.0753673422655
6,0.188038707145,0.72479102621,65.5921028299,1.6412457038,0.34462036131,4.64317346227,3.03556993579,0.173034578801,0.999906622397,3.14247381309,1.0,613.677707984,0.0593859985191
7,0.219031179626,0.726509044281,65.4949258994,1.65282995445,0.34543723677,5.37730987818,3.07894874806,0.173696223205,0.999956131706,3.14229599159,1.0,613.693623536,0.0407686129143
8,0.249866532686,0.728483527578,65.3836315269,1.66434306618,0.345646842421,6.10959660146,3.11544804747,0.174089039594,0.999990135845,3.14197262403,1.0,613.703015128,0.0193497285843
9,0.280524528553,0.730711217237,65.2585610748,1.67577589477,0.346703824301,6.83834877426,3.14725868387,0.174950178648,0.999999418791,3.14148913111,1.0,613.723455477,-0.00470807754121
10,0.310985756371,0.733188486233,65.1200915284,1.68711967715,0.347145302804,7.56231894022,3.17571914403,0.175536291403,0.999974245118,3.14082971328,1.0,613.737252601,-0.0313971883445
11,0.341231702646,0.735911362106,64.9686321926,1.6983660637,0.348434512302,8.28051872329,3.2016904839,0.176594574198,0.99990417712,3.13997831617,1.0,613.761931886,-0.0607675450711
12,0.371244811781,0.738875551209,64.8046212174,1.70950714589,0.349098362052,8.99212824036,3.22575015968,0.177370339426,0.999778781468,3.13892755428,1.0,613.779835142,-0.0926034012289
13,0.401008536433,0.742076464141,64.6285220061,1.72053547926,0.350610705299,9.69644700031,3.24829889261,0.178623243375,0.999586351154,3.13765694394,1.0,613.808420419,-0.127224512073
14,0.430507377601,0.745509242068,64.4408195624,1.73144410153,0.351486342883,10.3928657922,3.26962280429,0.179584863061,0.999317205423,3.13617092862,1.0,613.830088551,-0.164172978198
15,0.459726914558,0.749168783614,64.2420168278,1.74222654606,0.352461793625,11.080849769,3.28993119142,0.18063579292,0.998960112972,3.13445621246,1.0,613.853504408,-0.203664473169
16,0.488653824858,0.753049772012,64.0326310591,1.75287685067,0.353533880494,11.7599277507,3.30938037635,0.181774747165,0.998504531118,3.13250653767,1.0,613.87857483,-0.245743474327
17,0.51727589485,0.757146702257,63.8131902898,1.76338956208,0.354699359562,12.4296850853,3.32808926311,0.18300043449,0.997940266265,3.1303169751,1.0,613.905204664,-0.290484501721
18,0.545582021189,0.761453907973,63.584229915,1.77375973615,0.35595493351,13.0897585885,3.34296235316,0.184311561396,0.997341343542,3.12808683308,1.0,613.933297469,-0.332602728646
19,0.573562203887,0.765965587754,63.3462894347,1.78398293424,0.357297264718,13.7398327055,3.34592450486,0.185706835438,0.996984614131,3.12644294891,1.0,613.962756182,-0.356488135562
20,0.601207532231,0.770675830866,63.0999093793,1.7940552162,0.358722987907,14.3796364104,3.34910374722,0.187184968393,0.996594373179,3.12468191745,1.0,613.993483742,-0.381484626718
21,0.628510162702,0.775578641858,62.8456284516,1.80397312986,0.360228722117,15.008940504,3.35244699655,0.188744679215,0.996169922578,3.12280349965,1.0,614.025383669,-0.407588654538
22,0.655463291897,0.780667964281,62.5839808857,1.81373369798,0.361811082124,15.6275551839,3.35591065616,0.190384696905,0.9957107874,3.12080798097,1.0,614.058360591,-0.434802263235
23,0.682061123574,0.785937703122,62.3154940473,1.8233344027,0.363466689118,16.2353277411,3.3594586455,0.192103763154,0.995216721018,3.11869613763,1.0,614.092320723,-0.463134008644
24,0.708298831212,0.791381745934,62.0406862775,1.83277316787,0.36519218065,16.8321403358,3.36306091311,0.1939006348,0.994687706677,3.11646920162,1.0,614.127172289,-0.492600057231
25,0.734172517337,0.796993982685,61.7600649765,1.84204833985,0.366984219855,17.4179078305,3.36669229881,0.19577408611,0.994123955785,3.11412882521,1.0,614.162825889,-0.523225529377
26,0.759679168909,0.802768323981,61.4741249411,1.85115866671,0.368035931929,17.9925756339,3.37033165136,0.197261140882,0.993539035363,3.11174263507,1.0,614.190642434,-0.553704433214
27,0.784816611473,0.808698718037,61.1833469297,1.8601032767,0.369945263026,18.5561175943,3.3739611362,0.19927607281,0.992908566205,3.10918765187,1.0,614.227669024,-0.586664496415
28,0.809583461135,0.814779166055,60.8881964618,1.86888165584,0.371911214562,19.1085339124,3.37756568579,0.201363699528,0.992245358864,3.10652662267,1.0,614.265247588,-0.620922986576
29,0.833979076106,0.821003736281,60.5891228304,1.87749362536,0.37310880872,19.6498491027,3.38113255855,0.203036058434,0.991567463907,3.10384635738,1.0,614.294791981,-0.654879693974
30,0.858003506956,0.827366576402,60.2865583295,1.88593931857,0.375172234992,20.1801099813,3.38465098125,0.205256606661,0.990843497231,3.10098903224,1.0,614.333274703,-0.691867031022
31,0.88165744778,0.833861924764,59.9809176637,1.89421915821,0.376448179909,20.699383728,3.38811185649,0.207041083879,0.990110342941,3.09813287009,1.0,614.363600268,-0.72849284268
32,0.904942187858,0.840484120249,59.6725975338,1.90233383397,0.378596454233,21.2077560093,3.39150752107,0.209388840174,0.989331356994,3.09509402156,1.0,614.402708662,-0.768694705781
33,0.927859563376,0.847227610639,59.3619763936,1.91028428026,0.379937911158,21.7053291557,3.39483154484,0.211278511031,0.988549430395,3.09207846996,1.0,614.433553296,-0.808551151954
34,0.950411911243,0.854086960003,59.0494143405,1.9180716548,0.382159033842,22.1922204346,3.39807856194,0.213747937251,0.987722257851,3.08887421384,1.0,614.47303685,-0.852785184213
35,0.972602024307,0.861056854932,58.7352531363,1.92569731798,0.383553858003,22.668560405,3.40124412819,0.215736034971,0.986898969271,3.08571685828,1.0,614.504165881,-0.896848994177
36,0.994433107457,0.868132109447,58.4198163535,1.9331628127,0.384967495694,23.1344913407,3.4043245998,0.217765470926,0.986058791455,3.0824994413,1.0,614.535354355,-0.94346983215
37,1.01590873644,0.875307669178,58.1034096088,1.94046984538,0.387273266764,23.5901657616,3.4073170295,0.220401685588,0.98517468539,3.07908334806,1.0,614.575007924,-0.996681316864
38,1.03703281859,0.882578614615,57.7863208831,1.94762026798,0.388723317482,24.0357450546,3.41021907732,0.222519364048,0.984305420866,3.07575189329,1.0,614.606179425,-1.05084971649
39,1.0578095548,0.889940163231,57.4688209269,1.95461606059,0.390183979222,24.4713981679,3.41302893327,0.224672887031,0.983425628858,3.07237474675,1.0,614.637274346,-1.11045216506
40,1.07824340462,0.897387671167,57.1511637113,1.96145931545,0.392550967021,24.8973004162,3.4157452503,0.227463351213,0.982503476243,3.06878735712,1.0,614.676688106,-1.18343476304
41,1.09833905279,0.904916634014,56.8335869378,1.96815222172,0.394032772335,25.3136323628,3.41836708582,0.229695252269,0.981607466485,3.065324367,1.0,614.707521418,-1.26531999545
42,1.11810137852,0.912522687132,56.5163125797,1.97469705142,0.395517845154,25.7205787978,3.42089385054,0.23195764921,0.98070737162,3.0618300103,1.0,614.738168919,-1.37704033121
43,1.13753542602,0.920201605146,56.1995474655,1.98109614616,0.397003899511,26.118327786,3.42332526354,0.234248681653,0.979805293556,3.05830904255,0.0,0.0,0.0
44,1.15664637788,0.927949301184,55.8834838732,1.98735190496,0.398488742758,26.5070698095,3.42566131277,0.236566501974,0.978903292865,3.05476615827,0.0,0.0,0.0
45,1.17543953035,0.93576182567,55.56830014,1.99346677311,0.399970273655,26.8869969862,3.42790222021,0.238909274589,0.978003379829,3.05120598176,0.0,0.0,0.0
46,1.19392026998,0.943635364477,55.2541612901,1.99944323168,0.401446480217,27.2583023502,3.43004841108,0.2412751751,0.977107506557,3.0476330591,0.0,0.0,0.0
47,1.21209405275,0.951566237015,54.9412196542,2.00528378804,0.403867956291,27.6211792144,3.43210048662,0.24435944587,0.976172601155,3.04381600393,0.0,0.0,0.0
48,1.22996638499,0.959550894019,54.6296154876,2.01099096736,0.405335816947,27.9758205979,3.43405919994,0.246780821125,0.975288935073,3.04022085586,0.0,0.0,0.0
49,1.24754280535,0.967585914829,54.3194775918,2.01656730455,0.406792880977,28.3224187027,3.43592543463,0.249220228964,0.974414790924,3.03662595821,0.0,0.0,0.0
50,1.26482886904,0.975668004751,54.010923915,2.02201533719,0.408237467334,28.6611644605,3.43770018577,0.251675881545,0.973551831926,3.03303549107,0.0,0.0,0.0
51,1.28183013355,0.983793992234,53.7040621408,2.02733759919,0.409667972636,28.9922471319,3.4393845431,0.254145998444,0.97270163754,3.02945352898,0.0,0.0,0.0
52,1.29855214518,0.991960825641,53.398990272,2.03253661489,0.411082868592,29.3158539429,3.440979676,0.256628805919,0.971865700931,3.02588403764,0.0,0.0,0.0
53,1.31500042753,1.00016557021,53.0957971858,2.03761489392,0.412480699545,29.6321697798,3.44248682027,0.259122536342,0.971045427121,3.02233087115,0.0,0.0,0.0
54,1.33118047122,1.0084054049,52.7945631714,2.04257492669,0.413860080025,29.9413769244,3.4439072663,0.261625427685,0.97024213179,3.01879776964,0.0,0.0,0.0
55,1.34709772414,1.01667761897,52.495360458,2.04741918022,0.415219692181,30.2436548167,3.4452423486,0.264135722902,0.969457040726,3.01528835762,0.0,0.0,0.0
56,1.3627575835,1.02497960875,52.1982537107,2.05215009457,0.415532277789,30.5391798657,3.44649343658,0.265811402937,0.96874774187,3.01213520081,0.0,0.0,0.0
57,1.37816538843,1.03330887428,51.9033005118,2.05677007976,0.416840320636,30.8281252842,3.44766192629,0.268313788541,0.968003384627,3.00869420499,0.0,0.0,0.0
58,1.39332641381,1.04166301611,51.6105518152,2.06128151305,0.418124998452,31.1106609586,3.4487492332,0.270818030826,0.967280310801,3.00528708761,0.0,0.0,0.0
59,1.40824586445,1.0500397318,51.3200523896,2.06568673653,0.41938524224,31.3869533349,3.44975678575,0.273322391995,0.966579389842,3.00191699131,0.0,0.0,0.0
60,1.42292887054,1.05843681278,51.0318412305,2.0699880552,0.420620038733,31.6571653381,3.45068601974,0.275825137897,0.965901405854,2.9985869397,0.0,0.0,0.0
61,1.43738048371,1.06685214113,50.7459519521,2.07418773531,0.42182842821,31.9214563117,3.45153837334,0.278324537932,0.965247059532,2.99529983751,0.0,0.0,0.0
62,1.45160567332,1.07528368629,50.4624131681,2.0782880029,0.423009502263,32.1799819677,3.45231528272,0.280818864886,0.964616970406,2.99205847111,0.0,0.0,0.0
63,1.46560932382,1.08372950197,50.181248842,2.08229104273,0.424162401732,32.4328943624,3.45301817827,0.283306394983,0.964011679265,2.9888655091,0.0,0.0,0.0
64,1.47939623264,1.09218772319,49.9024786184,2.08619899744,0.425286314712,32.6803418877,3.45364848125,0.285785407997,0.963431650779,2.9857235031,0.0,0.0,0.0
65,1.49297110798,1.10065656312,49.626118146,2.09001396677,0.425278716174,32.9224692654,3.45420760087,0.287248001873,0.962940710763,2.98305964607,0.0,0.0,0.0
66,1.50633856776,1.10913431021,49.3521793697,2.09373800717,0.426333913144,33.1594175653,3.45469693188,0.289684879867,0.962412758343,2.98003726546,0.0,0.0,0.0
67,1.51950313845,1.11761932537,49.0806708131,2.09737313143,0.427357944359,33.3913242256,3.45511785232,0.292107843355,0.96191097175,2.97707275293,0.0,0.0,0.0
68,1.53246925468,1.12611003925,48.8115978376,2.10092130864,0.428350169219,33.6183230894,3.45547172177,0.294515194376,0.961435540937,2.97416819663,0.0,0.0,0.0
69,1.54524125859,1.13460494936,48.5449628957,2.10438446404,0.429309984993,33.8405444388,3.45575987974,0.296905240167,0.960986594803,2.9713255745,0.0,0.0,0.0
70,1.55782340002,1.14310261764,48.280765758,2.1077644792,0.430236825219,34.0581150455,3.45598364441,0.299276293732,0.960564204321,2.9685467559,0.0,0.0,0.0
71,1.57021983662,1.1516016678,48.0190037329,2.11106319224,0.429977403673,34.2711582219,3.4561443115,0.300499409103,0.960233808844,2.96632039358,0.0,0.0,0.0
72,1.58243463446,1.16010078303,47.7596718659,2.11428239815,0.430828222921,34.479793881,3.45624315344,0.302806140981,0.959864622114,2.96368446506,0.0,0.0,0.0
73,1.59447176838,1.16859870344,47.5027631358,2.11742384913,0.431644570347,34.684138593,3.4562814186,0.305088646823,0.959521832128,2.96111722157,0.0,0.0,0.0
74,1.60633512298,1.17709422389,47.2482686276,2.12048925514,0.4324260104,34.8843056538,3.4562603308,0.307345277334,0.959205310973,2.95862011042,0.0,0.0,0.0
75,1.61802849347,1.18558619174,46.9961777011,2.12348028435,0.433172136357,35.0804051507,3.45618108886,0.309574392755,0.958914888367,2.95619448013,0.0,0.0,0.0
76,1.62955558694,1.19407350481,46.7464781417,2.12639856382,0.433882569064,35.2725440342,3.45604486633,0.311774363792,0.958650354595,2.95384158249,0.0,0.0,0.0
77,1.64092002325,1.20255510917,46.4991563103,2.12924568004,0.434556955628,35.4608261854,3.45585281131,0.313943572449,0.958411463386,2.95156257474,0.0,0.0,0.0
78,1.65212533655,1.21102999728,46.2541972738,2.13202317965,0.433982726034,35.6453524911,3.45560604633,0.31480309319,0.958263213163,2.94991387987,0.0,0.0,0.0
79,1.66317497651,1.21949720603,46.0115849317,2.13473257014,0.434575585227,35.8262209159,3.45530566842,0.316883502566,0.958074488622,2.94779508367,0.0,0.0,0.0
80,1.67407230996,1.22795581502,45.7713021299,2.13737532061,0.435131494322,36.0035265773,3.45495274913,0.318928231647,0.957910433297,2.94575297226,0.0,0.0,0.0
81,1.68482062208,1.23640494465,45.5333307732,2.13995286244,0.435650195033,36.1773618164,3.45454833468,0.320935729281,0.95777068385,2.94378834202,0.0,0.0,0.0
82,1.69542311816,1.24484375449,45.2976519224,2.14246659015,0.436131449858,36.3478162734,3.45409344615,0.322904461414,0.957654853511,2.94190190606,0.0,0.0,0.0
83,1.70588292508,1.25327144169,45.0642458893,2.14491786212,0.436575041098,36.5149769599,3.45358907977,0.324832912258,0.957562534409,2.94009429654,0.0,0.0,0.0
84,1.71620309302,1.26168723944,44.8330923196,2.14730800141,0.436980769978,36.6789283331,3.45303620713,0.326719585583,0.95749329979,2.93836606686,0.0,0.0,0.0
85,1.7263865969,1.27009041535,44.6041702786,2.14963829655,0.437348455714,36.8397523642,3.45243577555,0.328563005882,0.957446706153,2.93671769403,0.0,0.0,0.0
86,1.73643633814,1.27848027015,44.3774583211,2.15191000232,0.436398174691,36.9975286115,3.45178870844,0.328905650552,0.957484891939,2.93577555018,0.0,0.0,0.0
87,1.74635514626,1.2868561362,44.1529345614,2.15412434057,0.436680915498,37.1523342896,3.45109590565,0.330635109023,0.957481672746,2.93429618339,0.0,0.0,0.0
88,1.75614578049,1.29521737626,43.9305767373,2.15628250099,0.436925185409,37.3042443369,3.45035824388,0.332316985733,0.957499657496,2.93289750476,0.0,0.0,0.0
89,1.76581093153,1.30356338221,43.710362266,2.15838564193,0.437130868347,37.4533314854,3.44957657709,0.333949915216,0.95753835701,2.93157970464,0.0,0.0,0.0
90,1.77535322297,1.31189357376,43.492268302,2.16043489116,0.437297862374,37.5996663228,3.44875173695,0.33553255966,0.957597274446,2.93034290826,0.0,0.0,0.0
91,1.78477521305,1.32020739733,43.2762717845,2.16243134663,0.43742607906,37.7433173598,3.44788453325,0.337063610326,0.957675906813,2.92918717779,0.0,0.0,0.0
92,1.79407939624,1.32850432497,43.062349484,2.16437607727,0.437515442835,37.884351092,3.44697575438,0.338541788893,0.957773746398,2.92811251453,0.0,0.0,0.0
93,1.80326820476,1.33678385321,42.8504780446,2.16627012372,0.43756589038,38.0228320614,3.44602616779,0.339965848798,0.957890282102,2.927118861,0.0,0.0,0.0
94,1.81234401024,1.34504550215,42.6406340214,2.16811449908,0.437577370072,38.1588229177,3.44503652041,0.341334576637,0.958025000675,2.92620610294,0.0,0.0,0.0
95,1.82130912514,1.35328881434,42.4327939188,2.16991018965,0.437549841389,38.2923844746,3.44400753914,0.342646793431,0.958177387878,2.92537407142,0.0,0.0,0.0
96,1.83016580435,1.36151335392,42.2269342215,2.17165815559,0.437483274413,38.4235757683,3.44293993132,0.343901356,0.958346929548,2.92462254478,0.0,0.0,0.0
97,1.83891624663,1.36971870572,42.0230314246,2.17335933173,0.437377649318,38.5524541127,3.44183438517,0.345097158259,0.958533112587,2.92395125057,0.0,0.0,0.0
98,1.84756259609,1.37790447435,41.8210620616,2.17501462815,0.43723295588,38.6790751526,3.44069157027,0.346233132489,0.958735425869,2.9233598675,0.0,0.0,0.0
99,1.85610694367,1.38607028345,41.6210027274,2.17662493093,0.437049193048,38.8034929176,3.43951213799,0.347308250631,0.958953361074,2.92284802725,0.0,0.0,0.0
100,1.86455132842,1.39421577479,41.4228301043,2.17819110275,0.436826368461,38.9257598712,3.43829672195,0.348321525446,0.959186413448,2.92241531636,0.0,0.0,0.0
101,1.87289773898,1.40234060761,41.2265209805,2.17971398358,0.437968242406,39.0459269611,3.4370459385,0.351072488681,0.959381072667,2.92133139859,0.0,0.0,0.0
102,1.88114811491,1.41044445782,41.0320522696,2.18119439131,0.43767546199,39.1640436669,3.43576038709,0.35198146119,0.959643563623,2.92105010295,0.0,0.0,0.0
103,1.88930434795,1.41852701734,40.8394010275,2.18263312232,0.437343669629,39.2801580464,3.43444065078,0.352825699425,0.959919683834,2.92084664004,0.0,0.0,0.0
104,1.8973682834,1.42658799349,40.6485444672,2.18403095212,0.436972903541,39.3943167819,3.4330872966,0.353604375307,0.960208947673,2.92072043435,0.0,0.0,0.0
105,1.90534172127,1.43462710819,40.4594599742,2.18538863593,0.436563208742,39.5065652214,3.43170087601,0.354316707115,0.960510875946,2.92067087358,0.0,0.0,0.0
106,1.91322641755,1.44264409751,40.2721251182,2.18670690922,0.436114636741,39.6169474231,3.4302819253,0.354961960497,0.960824996279,2.92069731016,0.0,0.0,0.0
107,1.92102408541,1.45063871099,40.0865176637,2.18798648831,0.435627245214,39.7255061951,3.428830966,0.355539449375,0.961150843448,2.92079906277,0.0,0.0,0.0
108,1.92873639636,1.45861071113,39.9026155812,2.18922807085,0.436561168473,39.8322831354,3.42734850525,0.358008151724,0.96144033874,2.92021163103,0.0,0.0,0.0
109,1.93636498141,1.46655987284,39.7203970542,2.19043233642,0.436004291216,39.937318671,3.42583503621,0.35846899869,0.961788943853,2.92045781968,0.0,0.0,0.0
110,1.9439114321,1.47448598289,39.5398404891,2.19159994698,0.435408778436,40.0406520934,3.42429103843,0.358860027085,0.962147915785,2.92077729731,0.0,0.0,0.0
111,1.95137730164,1.48238883946,39.3609245212,2.19273154738,0.434774709388,40.142321596,3.42271697822,0.359180736745,0.962516819414,2.92116926262,0.0,0.0,0.0
112,1.95876410592,1.49026825163,39.1836280203,2.19382776585,0.435593928128,40.242364308,3.42111330903,0.361480686949,0.962850808405,2.92085416333,0.0,0.0,0.0
113,1.96607332456,1.49812403897,39.0079300961,2.19488921449,0.434890866905,40.3408163285,3.41948047175,0.361679155468,0.963238933798,2.92138539423,0.0,0.0,0.0
114,1.97330640189,1.50595603106,38.8338101032,2.19591648969,0.434149491188,40.4377127587,3.41781889511,0.361805766741,0.963635721827,2.92198676007,0.0,0.0,0.0
115,1.98046474792,1.51376406715,38.6612476432,2.19691017259,0.433369897867,40.5330877338,3.41612899596,0.361860217543,0.964040769862,2.92265735973,0.0,0.0,0.0
116,1.98754973925,1.52154799565,38.4902225701,2.1978708295,0.43407525879,40.6269744525,3.41441117967,0.363978951814,0.964412309553,2.92260592811,0.0,0.0,0.0
117,1.99456271999,1.52930767383,38.3207149909,2.19879901234,0.433227303782,40.7194052073,3.41266584037,0.3639067867,0.964833282429,2.92340983953,0.0,0.0,0.0
118,2.00150500268,1.53704296744,38.1527052685,2.19969525903,0.43388000161,40.8104114122,3.41089336131,0.36594513679,0.965221721394,2.92348543483,0.0,0.0,0.0
119,2.00837786911,1.54475375034,37.9861740228,2.20056009388,0.432964018918,40.9000236306,3.40909411514,0.365744339394,0.965657049872,2.92441964066,0.0,0.0,0.0
120,2.01518257117,1.55243990417,37.821102132,2.20139402797,0.432010308486,40.9882716017,3.4072684642,0.36546981057,0.966098717433,2.92541868287,0.0,0.0,0.0
121,2.02192033168,1.56010131808,37.657470732,2.20219755954,0.432580650582,41.0751842663,3.40541676082,0.367368497203,0.966508975462,2.92568135242,0.0,0.0,0.0
122,2.02859234514,1.56773788831,37.4952612187,2.20297117434,0.431559483606,41.1607897911,3.40353934758,0.366963189195,0.966962772637,2.92680568396,0.0,0.0,0.0
123,2.03519977855,1.575349518,37.3344552462,2.20371534597,0.432077850627,41.245115593,3.40163655762,0.368775348106,0.967386076858,2.92718929704,0.0,0.0,0.0
124,2.0417437721,1.58293611685,37.1750347269,2.20443053623,0.430989618261,41.3281883625,3.39970871482,0.368237981209,0.967850584694,2.92843556254,0.0,0.0,0.0
125,2.04822543992,1.59049760088,37.0169818306,2.20511719544,0.429864221331,41.4100340853,3.39775613416,0.367626430495,0.968319704888,2.92974183912,0.0,0.0,0.0
126,2.05464587079,1.59803389212,36.8602789837,2.20577576277,0.430301423283,41.4906780648,3.39577912187,0.36929105055,0.968759343584,2.93030228627,0.0,0.0,0.0
127,2.06100612882,1.60554491845,36.7049088673,2.20640666654,0.429109607725,41.5701449427,3.39377797573,0.368546490124,0.969237171232,2.9317250439,0.0,0.0,0.0
128,2.06730725409,1.61303061324,36.5508544167,2.20701032453,0.429495643662,41.6484587185,3.3917529853,0.370119759493,0.969686350346,2.93239961562,0.0,0.0,0.0
129,2.0735502633,1.62049091521,36.3980988191,2.20758714424,0.429859957392,41.7256427702,3.3897044321,0.371660231866,0.970140313836,2.93313026126,0.0,0.0,0.0
130,2.07973615042,1.62792576819,36.2466255117,2.20813752323,0.428573055007,41.8017198721,3.38763258991,0.370721977772,0.970629014231,2.93472112469,0.0,0.0,0.0
131,2.08586588726,1.63533512088,36.09641818,2.20866184934,0.428886693288,41.8767122138,3.38553772489,0.372168537613,0.971090548911,2.93556186315,0.0,0.0,0.0
132,2.0919404241,1.6427189267,35.9474607549,2.20916050098,0.427534460341,41.9506414176,3.38342009587,0.371096089392,0.97158484911,2.9372602204,0.0,0.0,0.0
133,2.09796069022,1.65007714354,35.7997374117,2.20963384738,0.427797782904,42.0235285552,3.3812799545,0.372447416407,0.972052716265,2.93820812364,0.0,0.0,0.0
134,2.10392759446,1.65740973358,35.6532325666,2.21008224885,0.426380687175,42.0953941644,3.37911754547,0.371240996953,0.97255146927,2.94001016015,0.0,0.0,0.0
135,2.10984202579,1.66471666316,35.5079308745,2.21050605701,0.426594064798,42.1662582652,3.3769331067,0.372495989347,0.973024478818,2.94106223138,0.0,0.0,0.0
136,2.1157048538,1.67199790254,35.3638172267,2.21090561504,0.426786256377,42.236140375,3.3747268695,0.373715199732,0.97350007765,2.94216605031,0.0,0.0,0.0
137,2.12151692922,1.6792534258,35.2208767477,2.21128125787,0.425276398111,42.3050595234,3.37249905878,0.372313900177,0.97400359307,2.94411724931,0.0,0.0,0.0
138,2.12727908443,1.68648321065,35.0790947927,2.21163331248,0.425419193268,42.373034267,3.37024989321,0.37343524857,0.974482618108,2.94532084129,0.0,0.0,0.0
139,2.13299213389,1.69368723824,34.9384569451,2.21196209801,0.42554104284,42.4400827025,3.36797958538,0.374519804083,0.974963372134,2.94657427279,0.0,0.0,0.0
140,2.13865687464,1.70086549309,34.7989490133,2.21226792607,0.423939452243,42.506222481,3.36568834199,0.372924232279,0.975469277066,2.94866635645,0.0,0.0,0.0
141,2.14427408677,1.70801796289,34.6605570279,2.21255110085,0.424012472288,42.5714708207,3.36337636398,0.373909839543,0.975951838337,2.95001504998,0.0,0.0,0.0
142,2.14984453381,1.71514463841,34.5232672387,2.2128119194,0.424064795507,42.6358445193,3.36104384669,0.374857820731,0.976435315144,2.95141162122,0.0,0.0,0.0
143,2.15536896318,1.72224551331,34.3870661119,2.21305067176,0.424096497803,42.6993599662,3.35869098005,0.375767875346,0.976919439774,2.95285547688,0.0,0.0,0.0
144,2.16084810661,1.72932058409,34.251940327,2.21326764116,0.422376604168,42.7620331548,3.35631794865,0.373917853434,0.977425128473,2.95512338152,0.0,0.0,0.0
145,2.16628268052,1.73636984992,34.1178767742,2.21346310422,0.422360238821,42.8238796932,3.35392493195,0.374727967401,0.977909028781,2.95665647866,0.0,0.0,0.0
146,2.17167338642,1.74339331254,33.9848625506,2.2136373311,0.422323510202,42.8849148154,3.35151210439,0.375499554708,0.978392820685,2.95823484059,0.0,0.0,0.0
147,2.1770209113,1.75039097613,33.8528849582,2.21379058567,0.42226649681,42.9451533924,3.3490796355,0.376232381361,0.978876254625,2.95985785682,0.0,0.0,0.0
148,2.18232592798,1.75736284726,33.7219315,2.21392312568,0.422189277693,43.004609942,3.34662769009,0.37692622813,0.979359085296,2.96152491314,0.0,0.0,0.0
149,2.18758909546,1.76430893474,33.5919898778,2.21403520293,0.42032585741,43.0632986388,3.34415642832,0.374763717628,0.979859325067,2.96399296435,0.0,0.0,0.0
150,2.19281105931,1.7712292495,33.4630479885,2.21412706341,0.420201538763,43.1212333245,3.34166600582,0.375357232464,0.980339581994,2.96574165862,0.0,0.0,0.0
151,2.19799245193,1.77812380459,33.3350939217,2.21419894744,0.420057280262,43.1784275164,3.33915657387,0.375911457088,0.98081854231,2.96753231947,0.0,0.0,0.0
152,2.20313389296,1.78499261498,33.2081159564,2.21425108985,0.419893162788,43.2348944169,3.33662827944,0.376426240486,0.981295976406,2.96936432043,0.0,0.0,0.0
153,2.20823598954,1.79183569755,33.0821025583,2.21428372006,0.419709267605,43.2906469224,3.33408126535,0.376901446805,0.981771658336,2.97123703244,0.0,0.0,0.0
154,2.21329933664,1.79865307097,32.9570423766,2.21429706229,0.41950567633,43.3456976316,3.33151567037,0.377336955409,0.982245365702,2.97314982401,0.0,0.0,0.0
155,2.21832450236,1.80544473532,32.832924612,2.2142913357,0.419282466186,43.4000586916,3.32893163707,0.37773265101,0.982716878172,2.97510205767,0.0,0.0,0.0
156,2.22331202557,1.81221066806,32.7097390785,2.2142667548,0.417225684477,43.4537417821,3.3263293139,0.375145087433,0.983200580957,2.97781411354,0.0,0.0,0.0
157,2.22826249765,1.81895093457,32.5874741899,2.21422352911,0.416956725888,43.5067589973,3.32370881257,0.375441366639,0.983666522741,2.97983725346,0.0,0.0,0.0
158,2.23317649864,1.82566560197,32.4661185391,2.21416186293,0.416668430833,43.5591221554,3.32107024033,0.375697936863,0.98412965088,2.98189771907,0.0,0.0,0.0
159,2.23805459412,1.8323547343,32.3456609809,2.21408195554,0.416360890735,43.6108427693,3.31841370198,0.375914778637,0.984589761153,2.98399487789,0.0,0.0,0.0
160,2.24289733557,1.83901839249,32.2260906258,2.21398400143,0.416034196064,43.6619320564,3.3157393,0.376091885298,0.985046651857,2.98612809607,0.0,0.0,0.0
161,2.24770526078,1.84565663445,32.1073968339,2.21386819038,0.41568843636,43.712400948,3.31304713472,0.376229263011,0.985500123698,2.98829673837,0.0,0.0,0.0
162,2.25247349832,1.85226202785,31.9897023844,2.21373486909,0.415322021438,43.7622038798,3.3103403884,0.376323388776,0.985949484948,2.99049842227,0.0,0.0,0.0
163,2.25720306524,1.85883525555,31.8729845644,2.21358426445,0.414935202376,43.811357316,3.30761899018,0.376374627126,0.986394588428,2.9927325009,0.0,0.0,0.0
164,2.26189774455,1.865380889,31.7571523388,2.213416487,0.414529091641,43.8599060082,3.30488122134,0.376385182566,0.986835544688,2.99499930752,0.0,0.0,0.0
165,2.26655821474,1.87189922417,31.6421912307,2.21323172087,0.414103837578,43.9078620344,3.30212709928,0.376355243964,0.98727218312,2.99729821564,0.0,0.0,0.0
166,2.27118513961,1.87839055422,31.5280870536,2.21303014357,0.413659586721,43.955237158,3.29935663581,0.376285012008,0.987704335113,2.99962860461,1.0,615.930448911,-1.50145688903
167,2.27577916848,1.8848551692,31.4148259087,2.21281192616,0.413196483751,44.0020428355,3.29656983739,0.376174698866,0.988131833863,3.00198985948,1.0,615.929887533,-1.3707823774
168,2.28034093649,1.89129335583,31.3023941819,2.21257723343,0.412714671461,44.0482902245,3.29376670532,0.376024527836,0.98855451418,3.00438137089,1.0,615.92912279,-1.29557338392
169,2.28487106482,1.89770539724,31.1907785412,2.21232622409,0.412214290717,44.0939901918,3.29094723595,0.375834733014,0.988972212312,3.0068025349,1.0,615.928155387,-1.23607873065
170,2.28937016094,1.90409157279,31.0799659341,2.21205905087,0.411695480435,44.1391533204,3.28811142092,0.375605558951,0.989384765769,3.00925275279,1.0,615.92698596,-1.18495697203
171,2.29383881888,1.91045215785,30.9699435842,2.21177586079,0.411158377554,44.1837899174,3.28525924731,0.375337260325,0.989792013147,3.01173143092,1.0,615.925615071,-1.13922004286
172,2.2982776194,1.9167874236,30.8606989886,2.21147679522,0.412521823135,44.2279100207,3.28239069787,0.3782438158,0.99018599262,3.01363859021,1.0,615.940362556,-1.10645266841
173,2.30268713033,1.92309763685,30.7522199147,2.2111619901,0.411954854387,44.2715234065,3.27950575123,0.377911786208,0.990582468221,3.01618176794,1.0,615.938689376,-1.06662253826
174,2.30706790669,1.92938305991,30.6444943968,2.21083157608,0.411369966981,44.3146395959,3.27660438202,0.377541061792,0.990973148924,3.01875185842,1.0,615.936817719,-1.02919896293
175,2.31142049103,1.93564395038,30.5375107331,2.21048567868,0.41076729003,44.3572678614,3.27368656115,0.377131932465,0.99135787654,3.02134828654,1.0,615.934747893,-0.993711104387
176,2.31574541358,1.94188056104,30.4312574827,2.21012441843,0.410146950596,44.3994172338,3.2707522559,0.37668469686,0.991736493208,3.02397048131,1.0,615.93248013,-0.95981908952
177,2.32004319251,1.9480931397,30.3257234617,2.20974791104,0.409509073684,44.4410965083,3.26780143019,0.376199662032,0.992108841257,3.02661787559,1.0,615.930014598,-0.927268224077
178,2.32431433414,1.9542819291,30.2208977403,2.20935626751,0.408853782243,44.4823142508,3.26483404465,0.375677143148,0.992474763085,3.02928990589,1.0,615.927351393,-0.895861901397
179,2.32855933319,1.96044716676,30.116769639,2.2089495943,0.40818119717,44.5230788038,3.2618500569,0.375117463192,0.992834101033,3.03198601215,1.0,615.92449054,-0.865444651591
180,2.33277867296,1.96658908493,30.0133287258,2.20852799347,0.409459994947,44.5633982925,3.25884942161,0.377860253133,0.993181486442,3.0341867195,1.0,615.938429423,-0.841221286151
181,2.33697282555,1.97270791044,29.9105648121,2.20809156282,0.408759302056,44.6032806304,3.25583209076,0.377238005034,0.993527427321,3.03694029833,1.0,615.935284956,-0.812152144932
182,2.34114225209,1.97880386466,29.8084679493,2.20764039601,0.408041643062,44.6427335252,3.25279801372,0.376579201806,0.993866303346,3.03971649865,1.0,615.931944419,-0.783779853831
183,2.34528740296,1.98487716339,29.7070284259,2.20717458269,0.407307130932,44.6817644837,3.24974713747,0.375884194247,0.994197955869,3.04251477222,1.0,615.92840759,-0.756028792194
184,2.34940871794,1.99092801683,29.6062367631,2.20669420865,0.406555876624,44.7203808178,3.24667940669,0.375153339749,0.994522225654,3.04533457305,1.0,615.924674182,-0.728834668084
185,2.35350662649,1.99695662951,29.5060837118,2.20619935595,0.407786944678,44.7585896493,3.24359476396,0.377804343216,0.994835113971,3.04771345682,1.0,615.938147313,-0.706292819913
186,2.35758154788,2.00296320022,29.406560249,2.20569010302,0.407008543508,44.7963979149,3.24049314988,0.377011809275,0.995144341566,3.05058671312,1.0,615.934139323,-0.679856927215
187,2.36163389144,2.00894792199,29.3076575739,2.2051665248,0.406213699268,44.8338123716,3.23737450322,0.376184124454,0.995445699272,3.05348008001,1.0,615.929935512,-0.653843490868
188,2.36566405672,2.01491098207,29.2093671049,2.20462869285,0.405402515244,44.8708396012,3.23423876104,0.37532167011,0.995739024934,3.05639301878,1.0,615.925535351,-0.628214380146
189,2.36967243373,2.02085256185,29.1116804754,2.20407667549,0.404575092802,44.907486015,3.23108585886,0.374424833069,0.996024155424,3.05932499175,1.0,615.92093824,-0.602935856131
190,2.37365940305,2.02677283691,29.0145895307,2.20351053789,0.405760333055,44.9437578585,3.22791573074,0.37698147934,0.996298216626,3.06187582168,1.0,615.933985603,-0.581240161695
191,2.37762533612,2.03267197696,28.918086324,2.20293034218,0.404906635396,44.9796612159,3.22472830948,0.376024094534,0.996566633097,3.06485734121,1.0,615.929120582,-0.556417958877
192,2.38157059533,2.03855014584,28.8221631133,2.20233614761,0.404036971201,45.0152020145,3.22152352667,0.375033102608,0.996826354494,3.0678564994,1.0,615.924058582,-0.531870687002
193,2.38549553426,2.04440750155,28.7268123576,2.20172801059,0.4031514346,45.0503860288,3.21830131285,0.374008910882,0.997077213379,3.07087276121,1.0,615.918798763,-0.507575749469
194,2.38940049786,2.05024419622,28.6320267133,2.20110598483,0.40430241443,45.0852188846,3.21506159764,0.376495824158,0.997317105565,3.07355958471,1.0,615.931520808,-0.48617789667
195,2.39328582258,2.05606037614,28.5377990306,2.20047012147,0.40339123032,45.1197060636,3.21180430983,0.375412017104,0.997549876502,3.07662239409,1.0,615.925997243,-0.462187901212
196,2.3971518366,2.06185618177,28.4441223502,2.19982046912,0.402464425243,45.1538529066,3.20852937749,0.374295842348,0.997773271418,3.07970091685,1.0,615.92027523,-0.438397161021
197,2.40099885995,2.06763174777,28.3509898998,2.19915707401,0.403591787977,45.1876646178,3.20523672812,0.37673865511,0.997985695863,3.08249109752,1.0,615.932754018,-0.417047089908
198,2.40482720475,2.07338720304,28.2583950904,2.19847998009,0.402639762533,45.2211462686,3.20192628871,0.375563477154,0.998189944189,3.08561403584,1.0,615.92677107,-0.393476050442
199,2.40863717529,2.07912267073,28.1663315128,2.19778922907,0.40167235319,45.254302801,3.19859798587,0.374356802692,0.998384291315,3.08875129508,1.0,615.920588622,-0.370061325754
200,2.41242906826,2.08483826827,28.0747929344,2.19708486058,0.40277656773,45.2871390314,3.19525174593,0.376754623686,0.998567567401,3.09164326799,1.0,615.932835058,-0.348661492052
201,2.41620317288,2.09053410746,27.9837732957,2.19636691223,0.401784338363,45.3196596537,3.19188749502,0.375489619814,0.998741686029,3.09482280829,1.0,615.926393802,-0.325394831275
202,2.41995977109,2.09621029446,27.8932667068,2.19563541969,0.40077694859,45.3518692433,3.18850515921,0.374194027745,0.998905365628,3.0980152692,1.0,615.919751581,-0.302248446607
203,2.42369913765,2.10186692988,27.8032674438,2.19489041679,0.401858447454,45.38377226,3.18510466454,0.376546001117,0.999057780941,3.10100747736,1.0,615.931775761,-0.280711484207
204,2.42736914048,2.1074247129,27.715029136,2.19414273008,0.40081151237,45.414929301,3.18173429663,0.375159960239,0.999198200077,3.10419716258,1.0,615.924708067,-0.25795569623
205,2.43079694564,2.11262096264,27.6326977218,2.19342949605,0.399685052405,45.4438921184,3.17855662164,0.373604487708,0.999320240247,3.10721023463,1.0,615.916713862,-0.236613425573
206,2.43419803752,2.11778154749,27.5510895447,2.19270749047,0.400661379268,45.4724973547,3.17537509776,0.375727549319,0.999431940926,3.11005291131,1.0,615.927608629,-0.216587884344
207,2.43757285122,2.12290684231,27.4701939187,2.19197684317,0.399505997772,45.5007516574,3.172189761,0.374105527448,0.999534103234,3.1130736294,1.0,615.919296178,-0.195446290116
208,2.4409218167,2.1279972232,27.3900002749,2.19123767959,0.400463947329,45.5286615449,3.16900064121,0.376193831927,0.999625988122,3.11595333118,1.0,615.929984924,-0.175386766005
209,2.44424535885,2.13305306729,27.3104981615,2.19049012083,0.399280209219,45.5562334094,3.16580776227,0.374506563758,0.999708111639,3.11897968848,1.0,615.921358098,-0.154418713069
210,2.44754389762,2.13807475253,27.2316772435,2.18973428374,0.398079989394,45.5834735194,3.16261114208,0.372788715354,0.999780136468,3.12200034101,1.0,615.912494566,-0.133582297213
211,2.45081784798,2.14306265755,27.1535273023,2.18897028096,0.399008668405,45.610388022,3.15941079268,0.374809060203,0.99984192294,3.12492506682,1.0,615.922910454,-0.113480150563
212,2.45406762004,2.14801716141,27.0760382352,2.18819822094,0.397780961262,45.636982945,3.15620672033,0.373028452292,0.999893686627,3.12794838006,1.0,615.913736439,-0.0927786762361
213,2.45729361909,2.15293864349,26.9992000554,2.18741820806,0.398692346833,45.6632641999,3.15299892558,0.375014561721,0.999935208515,3.13090658543,1.0,615.923963619,-0.0725807932703
214,2.46049624562,2.15782748327,26.9230028917,2.18663034261,0.397437700068,45.6892375834,3.14978740336,0.373172601024,0.999966565194,3.13393076944,1.0,615.914482381,-0.0519897024102
215,2.46367589544,2.16268406017,26.8474369876,2.18583472093,0.398332204723,45.7149087802,3.14657214304,0.375124687261,0.999987649819,3.13692122848,1.0,615.924527521,-0.0316708473571
216,2.46683295965,2.1675087534,26.7724927015,2.18503143539,0.397051158484,45.7402833648,3.14335312855,0.373222814411,0.999998456681,3.13994457595,1.0,615.91474209,-0.0111658464069
217,2.46996782475,2.17230194179,26.6981605061,2.18422057446,0.39792918999,45.7653668038,3.14013033843,0.37514112252,0.999998934763,3.14296613989,1.0,615.924611649,-0.00930016285187
218,2.47308087267,2.17706400361,26.624430988,2.18340222279,0.396622276394,45.7901644579,3.13690374591,0.373180807497,0.999989050468,3.14598702392,1.0,615.914524831,-0.0297434447565
219,2.4761724808,2.18179531648,26.5512948471,2.18257646127,0.397484237297,45.8146815839,3.13367331901,0.375065612833,0.999968754269,3.14903861956,1.0,615.924225069,-0.0503840981966
220,2.47924302208,2.18649625715,26.4787428967,2.18174336703,0.39615197999,45.8389233366,3.13043902063,0.373048350532,0.999938037465,3.15205549125,1.0,615.913839443,-0.0707904524725
221,2.48229286499,2.1911672014,26.4067660626,2.18090301354,0.396998267187,45.8628947711,3.12720080858,0.37489995623,0.999896799023,3.15513611933,1.0,615.923376425,-0.0916349417303
222,2.48532237363,2.19580852389,26.3353553828,2.18005547065,0.395641180954,45.8866008441,3.12395863574,0.372827262175,0.999845106946,3.15814750519,1.0,615.912694352,-0.112029938661
223,2.48833190778,2.20042059802,26.2645020072,2.17920080463,0.396472185302,45.9100464162,3.12071245007,0.374645996688,0.99978275639,3.16125623854,1.0,615.922073954,-0.133109599414
224,2.49132182289,2.20500379581,26.1941971969,2.17833907826,0.395090775706,45.9332362534,3.11746219474,0.372519402898,0.999709943564,3.16426073779,1.0,615.911097578,-0.153519976375
225,2.49429247017,2.20955848775,26.1244323239,2.17747035083,0.395906881669,45.9561750294,3.11420780818,0.374305617597,0.999626307519,3.16739671935,1.0,615.92032549,-0.174868798868
226,2.49724419661,2.21408504271,26.0551988707,2.17659467823,0.394501644734,45.9788673264,3.1109492242,0.372126668627,0.999532224537,3.17039300111,1.0,615.909056742,-0.195322895753
227,2.50017734502,2.21858382777,25.9864884296,2.17571211299,0.39530323006,46.0013176377,3.10768637202,0.373880735459,0.999427124603,3.17355544188,1.0,615.918138476,-0.216978128091
228,2.50309225408,2.22305520816,25.9182927025,2.17482270433,0.39387465199,46.0235303688,3.1044191764,0.371650984607,0.999311616995,3.17654224221,1.0,615.906579074,-0.237506391186
229,2.50598925837,2.22749954711,25.8506035001,2.17392649821,0.394662087419,46.0455098394,3.1011475577,0.373373293832,0.999184868313,3.17973041903,1.0,615.915519968,-0.259509267414
230,2.50886868842,2.23191720573,25.7834127418,2.1730235374,0.393210644353,46.0672602844,3.09787143197,0.371094299539,0.999047775496,3.18270653789,1.0,615.903671422,-0.280144849078
231,2.51173087074,2.23630854295,25.7167124548,2.1721138615,0.393984293353,46.0887858561,3.09459071099,0.372785257542,0.998899185386,3.18591979117,1.0,615.912476642,-0.302541484921
232,2.51457612784,2.24067391539,25.6504947737,2.171197507,0.392510451151,46.1100906254,3.09130530244,0.37045857997,0.998740339688,3.18888408931,1.0,615.900340255,-0.323320975548
233,2.51740477831,2.24501367723,25.5847519403,2.17027450734,0.393270669692,46.131178583,3.08801510987,0.372118607159,0.998569706359,3.19212182068,1.0,615.909014806,-0.34616349065
234,2.5202171368,2.24932818019,25.5194763026,2.16934489296,0.394026463503,46.1520536415,3.08472003289,0.373777350653,0.998387937307,3.19538092554,1.0,615.917605566,-0.369325697496
235,2.52301351411,2.25361777335,25.4546603148,2.16840869135,0.392522020097,46.1727196362,3.08141996716,0.371375333754,0.998196043468,3.19833488628,1.0,615.905140398,-0.390475782393
236,2.52579421719,2.25788280313,25.3902965363,2.16746592707,0.393264878137,46.1931803268,3.07811480451,0.373003614225,0.997991906328,3.20161781066,1.0,615.913607848,-0.41418153312
237,2.52855954918,2.26212361317,25.3263776315,2.16651662184,0.391739129728,46.2134393989,3.07480443303,0.370557433942,0.997777788669,3.20455747734,1.0,615.900859001,-0.435593672819
238,2.53130980945,2.26634054424,25.2628963689,2.16556079457,0.392469389063,46.2335004647,3.07148873713,0.372155698177,0.99755105385,3.2078637662,1.0,615.909207741,-0.459918364107
239,2.53404529364,2.27053393419,25.1998456211,2.16459846139,0.390922764973,46.2533670652,3.06816759762,0.369666905212,0.997314511814,3.21078818797,1.0,615.896175841,-0.481651275824
240,2.53676629367,2.27470411785,25.137218364,2.16362963574,0.391640754552,46.2730426705,3.06484089179,0.371235607592,0.99706493659,3.21411743894,1.0,615.904410323,-0.506683864046
241,2.53947309778,2.27885142694,25.0750076758,2.16265432837,0.392354805767,46.2925306819,3.0615084935,0.372803198809,0.996803806571,3.21746783501,1.0,615.912569638,-0.532206811708
242,2.54216599059,2.28297619005,25.0132067375,2.16167254743,0.390779713747,46.3118344327,3.05817027322,0.370245342346,0.996533086477,3.22037757186,1.0,615.899220325,-0.554653881331
243,2.54484525308,2.28707873252,24.9518088311,2.16068429849,0.391481950745,46.3309571893,3.05482609817,0.371783878656,0.996248723388,3.22375055377,1.0,615.907271911,-0.581062861154
244,2.54751116267,2.29115937638,24.8908073402,2.15968958458,0.389886986512,46.3499021526,3.05147583232,0.369186893121,0.99595500914,3.22664299812,1.0,615.893642142,-0.604041452353
245,2.55016399322,2.29521844033,24.8301957485,2.15868840625,0.390577718115,46.3686724591,3.04811933655,0.370696841252,0.995647133164,3.23003828542,1.0,615.901590083,-0.631483231387
246,2.55280401508,2.29925623962,24.7699676401,2.15768076164,0.391264831107,46.387271182,3.04475646863,0.372205828903,0.995327352198,3.23345477244,1.0,615.909468444,-0.659636460254
247,2.55543149508,2.30327308604,24.710116698,2.15666664648,0.389642799887,46.4057013322,3.04138708338,0.369544066614,0.99499849745,3.23632999083,1.0,615.895528076,-0.683768902202
248,2.55804669663,2.30726928781,24.6506367045,2.15564605414,0.390318834021,46.4239658597,3.03801103269,0.37102498536,0.994654751256,3.23976858261,1.0,615.903308771,-0.713269339791
249,2.56064987966,2.3112451496,24.5915215399,2.1546189757,0.388677868556,46.442067654,3.03462816563,0.368327517065,0.994302248062,3.24262470612,1.0,615.889089484,-0.738305977497
250,2.56324130074,2.31520097241,24.5327651823,2.15358540001,0.389343112031,46.4600095461,3.03123832849,0.369780837626,0.993934214155,3.2460852284,1.0,615.896776255,-0.769433296598
251,2.56582121302,2.31913705356,24.4743617068,2.15254531365,0.390005035587,46.4777943086,3.02784136487,0.371233354053,0.993553873315,3.24956715307,1.0,615.904398543,-0.801698609066
252,2.56838986635,2.32305368662,24.4163052853,2.15149870108,0.388338309536,46.4954246571,3.02443711576,0.368475326409,0.993165123552,3.2524038521,1.0,615.889874038,-0.82873916806
253,2.57094750721,2.32695116139,24.3585901854,2.15044554459,0.388989839352,46.5129032515,3.02102541957,0.369900765482,0.992759974907,3.25590765968,1.0,615.897407864,-0.863298624615
254,2.57349437883,2.33082976384,24.3012107702,2.14938582442,0.389638214336,46.5302326962,3.01760611227,0.371325505669,0.992342252996,3.25943308504,1.0,615.904880107,-0.899505870373
255,2.57603072114,2.33468977607,24.2441614978,2.14831951873,0.38794645485,46.5474155417,3.01417902739,0.368509197102,0.991916503269,3.2622492627,1.0,615.89005373,-0.929580600884
256,2.57855677085,2.33853147629,24.1874369203,2.14724660372,0.388584815446,46.5644542852,3.01074399613,0.369907377468,0.991473409414,3.26579660595,1.0,615.897442675,-0.969314121136
257,2.58107276145,2.34235513875,24.1310316836,2.14616705358,0.389220178778,46.5813513716,3.00730084743,0.371304962164,0.991017454098,3.26936582802,1.0,615.904772772,-1.01172024209
258,2.58357892324,2.34616103375,24.0749405266,2.14508084063,0.387504080222,46.5981091944,3.003849408,0.368432618379,0.99055388901,3.2721604739,1.0,615.889647413,-1.04694012048
259,2.58607548338,2.34994942756,24.0191582806,2.14398793526,0.388129790913,46.6147300965,3.00038950243,0.369804154706,0.990071951217,3.27575172355,1.0,615.896899088,-1.09568851937
260,2.58856266586,2.35372058245,23.9636798691,2.14288830606,0.388752654332,46.6312163711,2.99692095325,0.371175195418,0.989576840673,3.27936515545,1.0,615.904094496,-1.14986827804
261,2.59104069159,2.35747475659,23.9085003067,2.1417819198,0.387012878539,46.6475702626,2.99344358096,0.368249024396,0.989074580564,3.28213733062,1.0,615.888672598,-1.19620420141
262,2.59350977839,2.36121220407,23.8536146985,2.14066874148,0.387626433482,46.6637939673,2.98995720413,0.369594519638,0.988552828493,3.28577296663,1.0,615.895794182,-1.26704921745
263,2.59597014102,2.36493317489,23.7990182402,2.13954873441,0.388237283546,46.6798896343,2.98646163947,0.37093961514,0.988017568158,3.28943112743,1.0,615.902861929,-1.36021203526
264,2.5984219912,2.36863791487,23.7447062167,2.13842186019,0.386474460172,46.6958593662,2.98295670186,0.367961782865,0.987475667191,3.29217994941,1.0,615.887145497,-1.47744366295
265,2.60086553767,2.37232666571,23.6906740019,2.13728807878,0.387076328427,46.7117052201,2.97944220444,0.369281825072,0.986913055842,3.29586054987,0.0,0.0,0.0
266,2.60330098615,2.37599966491,23.6369170581,2.13614734854,0.387675626595,46.7274292081,2.97591795868,0.370601558321,0.986336575461,3.29956405352,0.0,0.0,0.0
267,2.60572853942,2.37965714579,23.5834309353,2.13499962624,0.385890353565,46.7430332983,2.9723837744,0.367574185195,0.985754020058,3.30228868139,0.0,0.0,0.0
268,2.60814839734,2.38329933743,23.5302112706,2.13384486714,0.386480979237,46.7585194151,2.96883945987,0.368869344722,0.985149427016,3.30601491146,0.0,0.0,0.0
269,2.61056075684,2.38692646471,23.4772537878,2.132683025,0.38706916204,46.7738894406,2.96528482188,0.370164280178,0.984530577985,3.3097644558,0.0,0.0,0.0
270,2.61296581198,2.39053874827,23.4245542964,2.13151405211,0.385262006078,46.7891452147,2.96171966574,0.367089438095,0.983906285589,3.31246407525,0.0,0.0,0.0
271,2.61536375394,2.39413640448,23.3721086915,2.13033789933,0.385841808531,46.8042885362,2.95814379541,0.368360265201,0.98325850856,3.31623667627,0.0,0.0,0.0
272,2.61775477109,2.39771964547,23.3199129528,2.12915451616,0.386419287809,46.8193211634,2.95455701352,0.369630946526,0.982596061544,3.32003303206,0.0,0.0,0.0
273,2.62013904896,2.40128867907,23.2679631442,2.12796385071,0.384590785044,46.8342448145,2.95095912144,0.366510656556,0.981928879719,3.32270684061,0.0,0.0,0.0
274,2.62251677033,2.40484370887,23.2162554131,2.12676584981,0.385160159185,46.8490611686,2.94734991931,0.367757679371,0.981236634326,3.32652661915,0.0,0.0,0.0
275,2.62488811516,2.40838493414,23.1647859898,2.12556045898,0.385727322392,46.8637718663,2.94372920615,0.369004627497,0.98052927715,3.33037061929,0.0,0.0,0.0
276,2.62725326073,2.41191254989,23.1135511869,2.12434762249,0.383877979025,46.8783785103,2.94009677986,0.365840858147,0.979817983019,3.33301781141,0.0,0.0,0.0
277,2.62961238156,2.41542674682,23.0625473989,2.12312728341,0.384437295654,46.892882666,2.93645243733,0.367064580994,0.979079900875,3.33688562853,0.0,0.0,0.0
278,2.63196564948,2.41892771135,23.0117711013,2.12189938362,0.384994506224,46.9072858621,2.93279597445,0.36828829254,0.97832623667,3.34077815727,0.0,0.0,0.0
279,2.63431323368,2.42241562559,22.96121885,2.12066386385,0.385549639722,46.9215895913,2.92912718618,0.369512030579,0.977556835812,3.34469563166,0.0,0.0,0.0
280,2.63665530067,2.42589066737,22.910887281,2.11942066372,0.383674405471,46.935795311,2.92544586662,0.366283860596,0.976784163727,3.34731467014,0.0,0.0,0.0
281,2.63899201435,2.42935301022,22.8607731095,2.11816972177,0.384222003239,46.9499044436,2.92175180903,0.367484806611,0.975982709346,3.35125665241,0.0,0.0,0.0
282,2.64132353601,2.43280282339,22.8108731294,2.11691097547,0.384767619335,46.9639183774,2.91804480591,0.36868583139,0.975165009627,3.35522409921,0.0,0.0,0.0
283,2.64365002438,2.43624027183,22.7611842125,2.11564436131,0.382872600905,46.9778384669,2.91432464905,0.365418302463,0.974345034489,3.35781475088,0.0,0.0,0.0
284,2.64597163562,2.43966551621,22.7117033085,2.11436981474,0.383410902575,46.9916660336,2.91059112958,0.366596927487,0.973494219176,3.36180714163,0.0,0.0,0.0
285,2.64828852336,2.44307871294,22.6624274434,2.11308727031,0.38394731087,47.0054023665,2.90684403799,0.367775674973,0.972626620083,3.36582553205,0.0,0.0,0.0
286,2.65060083873,2.44648001415,22.6133537199,2.11179666161,0.384481849698,47.0190487225,2.90308316425,0.368954575733,0.971742060967,3.36987017628,0.0,0.0,0.0
287,2.65290873037,2.44986956771,22.5644793162,2.11049792135,0.382562220418,47.0326063272,2.89930829777,0.365627304111,0.970856043189,3.37243065639,0.0,0.0,0.0
288,2.65521234446,2.45324751726,22.5158014854,2.10919098138,0.383089708035,47.0460763752,2.89551922755,0.366784182882,0.96993685512,3.37650097804,0.0,0.0,0.0
289,2.65751182472,2.45661400217,22.4673175552,2.10787577273,0.383615405378,47.0594600307,2.89171574212,0.367941246561,0.969000128764,3.38059810872,0.0,0.0,0.0
290,2.65980731249,2.4599691576,22.419024927,2.10655222559,0.38167690197,47.0727584281,2.8878976297,0.364578475887,0.968063210631,3.38312818654,0.0,0.0,0.0
291,2.66209894667,2.46331311448,22.3709210754,2.10522026943,0.38219573412,47.0859726725,2.88406467817,0.365713866828,0.967090654182,3.38725143297,0.0,0.0,0.0
292,2.66438686383,2.46664599957,22.3230035476,2.10387983294,0.382712848422,47.09910384,2.88021667513,0.366849465291,0.966099950585,3.39140205301,0.0,0.0,0.0
293,2.66667119817,2.46996793539,22.2752699627,2.10253084411,0.38322826389,47.1121529785,2.87635340797,0.367985294503,0.965090901314,3.39558031674,0.0,0.0,0.0
294,2.66895208155,2.47327904032,22.2277180115,2.10117323027,0.381266244102,47.125121108,2.87247466393,0.364567129096,0.964082708634,3.39807780424,0.0,0.0,0.0
295,2.67122964355,2.47657942859,22.180345455,2.09980691806,0.381775012662,47.1380092212,2.86858023009,0.3656816064,0.963036127342,3.40228290892,0.0,0.0,0.0
296,2.67350401146,2.47986921024,22.1331501248,2.09843183352,0.382282146171,47.1508182836,2.86466989347,0.366796324563,0.96197055087,3.40651623335,0.0,0.0,0.0
297,2.6757753103,2.48314849124,22.0861299219,2.09704790209,0.382787660959,47.1635492348,2.86074344104,0.367911302358,0.960885767979,3.4107780554,0.0,0.0,0.0
298,2.67804366287,2.48641737341,22.0392828161,2.09565504865,0.380802666453,47.1762029879,2.85680065981,0.364439936365,0.959803013252,3.41324144066,0.0,0.0,0.0
299,2.68030918973,2.48967595452,21.9926068457,2.09425319752,0.381301728424,47.1887804307,2.85284133682,0.365533850863,0.958678887646,3.41753080542,0.0,0.0,0.0
300,2.68257200927,2.49292432824,21.9461001165,2.09284227254,0.381799227101,47.2012824261,2.84886525922,0.366628022521,0.957534865282,3.42184925058,0.0,0.0,0.0
301,2.68483223769,2.4961625842,21.8997608015,2.09142219705,0.382295176213,47.2137098122,2.84487221432,0.367722465564,0.956370722197,3.4261970606,0.0,0.0,0.0
302,2.68708998906,2.49939080802,21.8535871403,2.08999289393,0.380287696177,47.2260634029,2.8408619896,0.36420000692,0.955209931751,3.42862459251,0.0,0.0,0.0
303,2.68934537531,2.50260908131,21.8075774382,2.08855428566,0.380777363383,47.2383439884,2.8368343728,0.36527364376,0.95400452677,3.43300060726,0.0,0.0,0.0
304,2.69159850627,2.50581748167,21.7617300658,2.08710629429,0.381265528403,47.2505523356,2.83278915192,0.366347536985,0.952778269931,3.43740657162,0.0,0.0,0.0
305,2.69384948968,2.50901608278,21.7160434584,2.08564884152,0.381752202446,47.2626891885,2.8287261153,0.367421696207,0.951530924612,3.44184277541,0.0,0.0,0.0
306,2.69609843123,2.51220495437,21.6705161152,2.08418184871,0.379722676455,47.2747552685,2.82464505163,0.363850170842,0.950288443994,3.44423241769,0.0,0.0,0.0
307,2.69834543456,2.51538416226,21.6251465991,2.08270523689,0.380203217386,47.2867512752,2.82054575003,0.364903750515,0.948997810065,3.44869743194,0.0,0.0,0.0
308,2.70059060129,2.51855376838,21.5799335356,2.0812189268,0.380682307,47.2986778861,2.81642800006,0.365957568834,0.947685315989,3.45319326759,0.0,0.0,0.0
309,2.70283403107,2.52171383082,21.5348756125,2.07972283894,0.381159954075,47.3105357577,2.81229159179,0.367011630774,0.946350712628,3.45772021866,0.0,0.0,0.0
310,2.70507582154,2.5248644038,21.4899715793,2.07821689355,0.37910877502,47.3223255257,2.80813631581,0.363392987561,0.945022713873,3.46006960218,0.0,0.0,0.0
311,2.70731606842,2.52800553779,21.4452202464,2.07670101068,0.37958041676,47.3340478049,2.80396196332,0.364426667562,0.943642689358,3.46462589614,0.0,0.0,0.0
312,2.70955486547,2.53113727944,21.4006204846,2.07517511019,0.380050648238,47.3457031904,2.79976832612,0.365460551772,0.94223974389,3.46921387989,0.0,0.0,0.0
313,2.71179230455,2.53425967167,21.3561712246,2.07363911179,0.3805194759,47.3572922573,2.7955551967,0.366494640534,0.940813616049,3.47383385051,0.0,0.0,0.0
314,2.71402847565,2.53737275366,21.3118714561,2.07209293505,0.37844699297,47.3688155615,2.79132236824,0.362830756859,0.939396107025,3.47614022345,0.0,0.0,0.0
315,2.71626346687,2.54047656094,21.2677202277,2.07053649947,0.378909923184,47.3802736397,2.78706963469,0.363844633937,0.93792232217,3.48078997852,0.0,0.0,0.0
316,2.71849736448,2.54357112534,21.2237166456,2.06896972445,0.379371474831,47.39166701,2.78279679078,0.364858664484,0.936424504086,3.4854722823,0.0,0.0,0.0
317,2.72073025292,2.54665647508,21.1798598738,2.06739252934,0.379831652119,47.4029961724,2.77850363211,0.36587284425,0.934902379392,3.49018743379,0.0,0.0,0.0
318,2.72296221482,2.54973263477,21.1361491328,2.0658048335,0.377738173807,47.4142616088,2.77418995511,0.362165532072,0.933391215449,3.49244760914,0.0,0.0,0.0
319,2.72519333103,2.55279962546,21.0925836993,2.06420655626,0.378192542798,47.4254637836,2.76985555718,0.36315964499,0.931819097991,3.49719287746,0.0,0.0,0.0
320,2.72742368066,2.55585746466,21.0491629057,2.062597617,0.378645556013,47.4366031437,2.76550023666,0.364153844856,0.930221785004,3.50197153773,0.0,0.0,0.0
321,2.72965334105,2.55890616639,21.0058861393,2.06097793516,0.379097215529,47.4476801195,2.7611237929,0.3651481229,0.928598991576,3.50678388968,0.0,0.0,0.0
322,2.73188238783,2.56194574118,20.9627528418,2.05934743027,0.379547522905,47.4586951246,2.75672602631,0.366142469183,0.926950430392,3.51163023452,0.0,0.0,0.0
323,2.73411089496,2.56497619613,20.9197625086,2.05770602195,0.377428935461,47.4696485563,2.75230673838,0.362373467942,0.925314672367,3.51383686226,0.0,0.0,0.0
324,2.73633893468,2.56799753494,20.8769146884,2.05605362999,0.377873516848,47.4805407961,2.74786573174,0.363347805991,0.923613049007,3.51871374806,0.0,0.0,0.0
325,2.73856657759,2.57100975795,20.8342089824,2.05439017433,0.378316756869,47.49137221,2.74340281021,0.364322136125,0.921884723789,3.52362514627,0.0,0.0,0.0
326,2.74079389266,2.57401286214,20.7916450439,2.05271557509,0.378758655083,47.5021431485,2.7389177788,0.365296443985,0.920129398578,3.52857135747,0.0,0.0,0.0
327,2.74302094724,2.5770068412,20.7492225775,2.05102975264,0.376619624141,47.5128539472,2.73441044382,0.361487659006,0.918390009641,3.53072311607,0.0,0.0,0.0
328,2.74524780709,2.57999168558,20.7069413387,2.04933262755,0.377055847644,47.5235049272,2.72988061285,0.36244205371,0.916579077188,3.53569989547,0.0,0.0,0.0
329,2.74747453638,2.58296738247,20.6648011329,2.04762412072,0.377490734277,47.5340963951,2.72532809486,0.363396340128,0.914740176387,3.54071197799,0.0,0.0,0.0
330,2.74970119773,2.58593391589,20.6228018155,2.0459041533,0.377924281702,47.5446286435,2.72075270018,0.364350499601,0.912872998978,3.54575966243,0.0,0.0,0.0
331,2.75192785223,2.58889126668,20.5809432906,2.0441726468,0.378356487123,47.5551019513,2.71615424059,0.365304512316,0.910977234727,3.55084324871,0.0,0.0,0.0
332,2.75415455947,2.59183941258,20.539225511,2.04242952305,0.376192913445,47.5655165837,2.71153252935,0.36143790531,0.909100023959,3.55292967293,0.0,0.0,0.0
333,2.7563813775,2.59477832824,20.4976484772,2.0406747043,0.376619482785,47.5758727932,2.70688738124,0.362372006747,0.907145335808,3.55804383397,0.0,0.0,0.0
334,2.75860836294,2.59770798528,20.4562122369,2.03890811317,0.377044708281,47.5861708189,2.70221861261,0.363305863297,0.905161053256,3.56319434752,0.0,0.0,0.0
335,2.76083557093,2.60062835228,20.4149168844,2.03712967274,0.377468585374,47.5964108877,2.69752604142,0.36423945102,0.903146857026,3.56838151029,0.0,0.0,0.0
336,2.76306305519,2.6035393949,20.3737625603,2.03533930654,0.377891109077,47.6065932139,2.6928094873,0.365172744832,0.901102426185,3.57360561995,0.0,0.0,0.0
337,2.765290868,2.60644107583,20.3327494505,2.03353693859,0.375703223857,47.616718,2.68806877157,0.361250243477,0.899079642531,3.57561865286,0.0,0.0,0.0
338,2.76751906027,2.60933335488,20.2918777857,2.03172249343,0.376120128946,47.6267854364,2.6833037173,0.362163602524,0.896972853052,3.580873061,0.0,0.0,0.0
339,2.76974768151,2.61221618901,20.2511478411,2.02989589615,0.376535672605,47.6367957023,2.67851414934,0.363076558541,0.894834786718,3.58616481845,0.0,0.0,0.0
340,2.77197677988,2.61508953238,20.2105599356,2.0280570724,0.376949848226,47.6467489654,2.6736998944,0.363989082522,0.892665114866,3.5914942182,0.0,0.0,0.0
341,2.7742064022,2.61795333636,20.170114431,2.02620594843,0.377362648799,47.6566453827,2.66886078106,0.364901144344,0.890463507565,3.59686155409,0.0,0.0,0.0
342,2.77643659397,2.62080754958,20.1298117318,2.02434245114,0.375150635947,47.6664851001,2.66399663983,0.360924645854,0.888287242981,3.59879169612,0.0,0.0,0.0
343,2.77866739939,2.623652118,20.0896522846,2.02246650804,0.375557816411,47.6762682533,2.65910730321,0.361816729212,0.886019743028,3.60418872478,0.0,0.0,0.0
344,2.78089886137,2.62648698491,20.0496365771,2.02057804738,0.375963608171,47.6859949678,2.65419260569,0.362708231534,0.883719236191,3.60962403409,0.0,0.0,0.0
345,2.78313102156,2.62931209099,20.009765138,2.01867699808,0.376368002735,47.6956653587,2.64925238387,0.363599119011,0.88138538638,3.61509791167,0.0,0.0,0.0
346,2.78536392036,2.63212737436,19.9700385361,2.01676328982,0.376770991245,47.7052795319,2.64428647643,0.364489356746,0.879017856682,3.62061064579,0.0,0.0,0.0
347,2.78759759694,2.63493277059,19.9304573798,2.01483685304,0.374534994146,47.7148375834,2.63929472425,0.360460744843,0.876680117459,3.62244675232,0.0,0.0,0.0
348,2.78983208927,2.63772821278,19.8910223167,2.01289761899,0.374932344287,47.7243396001,2.63427697041,0.361330945555,0.874243084507,3.62798819172,0.0,0.0,0.0
349,2.79206743413,2.64051363157,19.8517340327,2.01094551972,0.375328269681,47.7337856598,2.62923306022,0.362200369222,0.871771277622,3.6335687636,0.0,0.0,0.0
350,2.7943036671,2.6432889552,19.8125932517,2.00898048817,0.375722760127,47.7431758314,2.62416284135,0.363068977528,0.869264355589,3.63918874837,0.0,0.0,0.0
351,2.79654082263,2.64605410955,19.7736007348,2.00700245815,0.376115805089,47.7525101755,2.6190661638,0.363936731112,0.866721976887,3.64484842701,0.0,0.0,0.0
352,2.79877893402,2.64880901815,19.7347572801,2.00501136436,0.373855933227,47.761788744,2.61394287998,0.359857892617,0.864214768391,3.64657747667,0.0,0.0,0.0
353,2.80101803345,2.65155360229,19.6960637214,2.00300714249,0.374243306965,47.7710115808,2.60879284476,0.360705541237,0.861599226227,3.65226443167,0.0,0.0,0.0
354,2.80325815201,2.654287781,19.6575209284,2.00098972915,0.374629212068,47.780178722,2.60361591553,0.361552200808,0.858947118492,3.65799127575,0.0,0.0,0.0
355,2.80549931968,2.65701147111,19.6191298058,1.998959062,0.375013636798,47.7892901957,2.5984119522,0.362397828847,0.85625810152,3.66375828017,0.0,0.0,0.0
356,2.80774156539,2.65972458731,19.5808912926,1.9969150797,0.375396569115,47.7983460227,2.59318081734,0.363242381868,0.853531831935,3.66956571664,0.0,0.0,0.0
357,2.809984917,2.66242704218,19.5428063616,1.99485772197,0.373112904551,47.8073462165,2.58792237614,0.359115222671,0.850847258357,3.67117254375,0.0,0.0,0.0
358,2.81222940135,2.66511874622,19.5048760189,1.99278692965,0.373490120332,47.8162907832,2.58263649652,0.359939598942,0.848044147195,3.67700531748,0.0,0.0,0.0
359,2.81447504426,2.66779960791,19.4671013036,1.99070264467,0.373865816665,47.8251797225,2.57732304915,0.360762760315,0.845202668685,3.68287862388,0.0,0.0,0.0
360,2.81672187053,2.67046953376,19.4294832863,1.98860481012,0.374239980447,47.8340130269,2.57198190753,0.361584660504,0.842322479783,3.68879272286,0.0,0.0,0.0
361,2.818969904,2.67312842833,19.3920230698,1.98649337029,0.374612598305,47.8427906828,2.566612948,0.362405252279,0.839403238411,3.69474787465,0.0,0.0,0.0
362,2.82121916752,2.67577619429,19.3547217873,1.98436827066,0.374983656599,47.8515126699,2.56121604985,0.363224487473,0.836444603608,3.70074433994,0.0,0.0,0.0
363,2.82346968299,2.67841273247,19.3175806027,1.98222945796,0.372672047609,47.8601789622,2.55579109533,0.359032057374,0.833533877107,3.70219281645,0.0,0.0,0.0
364,2.82572147139,2.68103794188,19.2806007097,1.9800768802,0.373037316986,47.8687895272,2.55033796969,0.35983094996,0.830493972322,3.70821181861,0.0,0.0,0.0
365,2.82797455274,2.68365171976,19.2437833311,1.97791048667,0.37340099579,47.8773443273,2.54485656131,0.360628340523,0.82741356595,3.71427210942,0.0,0.0,0.0
366,2.8302289462,2.68625396165,19.2071297185,1.97573022803,0.373763069486,47.8858433187,2.53934676165,0.36142417849,0.824292320782,3.72037393517,0.0,0.0,0.0
367,2.83248467,2.68884456139,19.1706411515,1.97353605629,0.374123523304,47.8942864525,2.53380846539,0.362218412417,0.821129901498,3.72651754241,0.0,0.0,0.0
368,2.83474174152,2.6914234112,19.1343189372,1.97132792484,0.374482342247,47.9026736746,2.52824157044,0.363010989995,0.817925974838,3.73270317813,0.0,0.0,0.0
369,2.83700017727,2.69399040173,19.0981644098,1.96910578852,0.372142824017,47.9110049257,2.52264597799,0.358755603618,0.814777705665,3.73396485817,0.0,0.0,0.0
370,2.83925999291,2.69654542205,19.0621789296,1.96686960363,0.372495769767,47.9192801416,2.51702159261,0.359527681079,0.811488165769,3.74016929543,0.0,0.0,0.0
371,2.84152120328,2.69908835975,19.0263638828,1.96461932794,0.372847046447,47.9274992536,2.51136832224,0.360297953378,0.808156034019,3.74641558584,0.0,0.0,0.0
372,2.8437838224,2.70161910096,18.990720681,1.96235492077,0.373196638326,47.9356621881,2.50568607832,0.361066366231,0.804780984823,3.7527039589,0.0,0.0,0.0
373,2.84604786347,2.7041375304,18.9552507602,1.96007634297,0.373544529479,47.9437688673,2.49997477576,0.36183286456,0.801362695517,3.75903464437,0.0,0.0,0.0
374,2.84831333894,2.70664353141,18.9199555804,1.95778355698,0.373890703793,47.9518192091,2.49423433308,0.362597392505,0.797900846566,3.76540787241,0.0,0.0,0.0
375,2.85058026047,2.70913698602,18.8848366254,1.95547652687,0.371523296142,47.9598131273,2.4884646724,0.358281501384,0.794504397144,3.76644877551,0.0,0.0,0.0
376,2.85284863894,2.71161777497,18.8498954015,1.95315521834,0.371863504436,47.9677505317,2.48266571953,0.359025389489,0.79095275867,3.77283595067,0.0,0.0,0.0
377,2.85511848452,2.71408577776,18.8151334377,1.95081959877,0.372201959274,47.9756313284,2.47683740402,0.359767157274,0.787356519316,3.77926531158,0.0,0.0,0.0
378,2.85738980664,2.71654087271,18.7805522846,1.94846963726,0.372538643967,47.9834554199,2.47097965921,0.360506747355,0.783715371615,3.78573706707,0.0,0.0,0.0
379,2.85966261399,2.71898293698,18.7461535139,1.94610530466,0.37287354167,47.9912227049,2.46509242231,0.361244101647,0.780029012192,3.79225142622,0.0,0.0,0.0
380,2.86193691458,2.72141184664,18.7119387179,1.94372657356,0.373206635386,47.998933079,2.45917563439,0.361979161372,0.776297141977,3.79880859853,0.0,0.0,0.0
381,2.86421271573,2.72382747667,18.677909509,1.9413334184,0.370811353949,48.0065864347,2.45322924054,0.35760538036,0.772642973136,3.79958811931,0.0,0.0,0.0
382,2.86649002406,2.72622970106,18.6440675191,1.93892581543,0.371138383496,48.0141826609,2.44725318982,0.358319687474,0.768817398052,3.80615303397,0.0,0.0,0.0
383,2.86876884556,2.72861839283,18.6104143988,1.93650374276,0.371463570763,48.0217216442,2.44124743539,0.359031551227,0.76494533625,3.81276018408,0.0,0.0,0.0
384,2.87104918554,2.73099342404,18.576951817,1.93406718043,0.371786898335,48.0292032678,2.43521193453,0.359740911789,0.761026505612,3.8194097528,0.0,0.0,0.0
385,2.87333104867,2.73335466589,18.5436814604,1.93161611037,0.372108348678,48.0366274125,2.42914664871,0.360447708728,0.757060629378,3.82610192351,0.0,0.0,0.0
386,2.87561443903,2.73570198874,18.5106050327,1.92915051651,0.37242790414,48.0439939566,2.42305154366,0.36115188102,0.753047436371,3.83283687997,0.0,0.0,0.0
387,2.87789936004,2.73803526213,18.4777242542,1.92667038475,0.372745546965,48.0513027758,2.41692658938,0.361853367061,0.748986661227,3.83961480648,0.0,0.0,0.0
388,2.88018581454,2.74035435487,18.445040861,1.92417570302,0.370318161844,48.0585537434,2.41077176023,0.357406353693,0.745017064339,3.84004125729,0.0,0.0,0.0
389,2.88247380478,2.74265913504,18.4125566048,1.92166646131,0.370629618624,48.0657467308,2.40458703498,0.358086926237,0.740858415972,3.8468180409,0.0,0.0,0.0
390,2.88476333244,2.74494947006,18.3802732519,1.91914265168,0.370939123357,48.0728816071,2.39837239689,0.35876466714,0.736651315864,3.8536369111,0.0,0.0,0.0
391,2.88705439861,2.74722522673,18.3481925828,1.91660426831,0.371246658042,48.0799582394,2.3921278337,0.359439514309,0.732395521831,3.86049801869,0.0,0.0,0.0
392,2.88934700384,2.74948627126,18.3163163916,1.91405130755,0.371552204599,48.0869764931,2.38585333774,0.360111405166,0.728090798642,3.86740151467,0.0,0.0,0.0
393,2.89164114815,2.75173246932,18.2846464856,1.91148376788,0.371855744878,48.0939362317,2.37954890598,0.360780276663,0.723736918261,3.87434755049,0.0,0.0,0.0
394,2.893936831,2.75396368609,18.2531846842,1.90890165002,0.372157260658,48.1008373173,2.37321454005,0.3614460653,0.719333660091,3.88133627826,0.0,0.0,0.0
395,2.89623405135,2.7561797863,18.2219328189,1.90630495692,0.36969779494,48.1076796103,2.36685024632,0.356929411955,0.715039273677,3.88133087659,0.0,0.0,0.0
396,2.89853280763,2.75838063425,18.1908927324,1.90369369379,0.369993003775,48.1144629696,2.36045603596,0.357574184996,0.710534634109,3.88830688473,0.0,0.0,0.0
397,2.9008330978,2.76056609391,18.1600662779,1.90106786811,0.370286148514,48.121187253,2.35403192497,0.358215736224,0.705979889772,3.89532430772,0.0,0.0,0.0
398,2.9031349193,2.76273602888,18.1294553188,1.89842748972,0.370577210862,48.1278523168,2.34757793424,0.35885400222,0.701374849948,3.90238325366,0.0,0.0,0.0
399,2.90543826912,2.76489030251,18.0990617279,1.89577257079,0.37086617249,48.1344580166,2.3410940896,0.359488919205,0.696719332556,3.90948383075,0.0,0.0,0.0
400,2.90774314375,2.76702877789,18.068887387,1.89310312586,0.371153015034,48.1410042066,2.33458042188,0.360120423064,0.692013164401,3.91662614749,0.0,0.0,0.0
401,2.91004953925,2.76915131793,18.038934186,1.89041917189,0.371437720104,48.1474907401,2.32803696696,0.360748449356,0.687256181424,3.92381031297,0.0,0.0,0.0
402,2.91235745121,2.77125778536,18.0092040226,1.88772072827,0.368946237478,48.1539174699,2.3214637658,0.356166139835,0.682631417768,3.923274892,0.0,0.0,0.0
403,2.91466687481,2.7733480428,17.9796988016,1.88500781683,0.36922452,48.1602842477,2.31486086451,0.35677311974,0.677770411539,3.93043126517,0.0,0.0,0.0
404,2.91697780478,2.7754219528,17.9504204343,1.88228046192,0.369500626137,48.1665909246,2.30822831436,0.357376492503,0.672858045541,3.93762768966,0.0,0.0,0.0
405,2.91929023542,2.77747937788,17.9213708377,1.87953869036,0.369774537584,48.1728373512,2.3015661719,0.357976194338,0.667894192627,3.94486421457,0.0,0.0,0.0
406,2.92160416065,2.77952018057,17.8925519343,1.87678253154,0.37004623604,48.1790233778,2.29487449893,0.358572161237,0.662878736007,3.9521408884,0.0,0.0,0.0
407,2.92391957398,2.78154422343,17.8639656512,1.8740120174,0.370315703207,48.1851488539,2.28815336258,0.359164328986,0.65781156949,3.95945775934,0.0,0.0,0.0
408,2.92623646851,2.78355136912,17.8356139197,1.87122718244,0.370582920801,48.191213629,2.28140283536,0.359752633184,0.652692597739,3.96681487549,0.0,0.0,0.0
409,2.92855483698,2.78554148043,17.8074986744,1.86842806381,0.370847870555,48.1972175522,2.27462299517,0.360337009261,0.647521736513,3.97421228521,0.0,0.0,0.0
410,2.93087467175,2.78751442031,17.779621853,1.86561470127,0.371110534224,48.2031604725,2.26781392539,0.360917392501,0.642298912916,3.98165003742,0.0,0.0,0.0
411,2.93319596481,2.78947005194,17.7519853954,1.86278713723,0.368578631282,48.2090422388,2.26097571487,0.356239703524,0.637235524721,3.98028286262,0.0,0.0,0.0
412,2.9355187078,2.79140823873,17.7245912431,1.85994541678,0.368834728035,48.2148627,2.25410845801,0.356798987827,0.63190668134,3.98766789882,0.0,0.0,0.0
413,2.93784289201,2.79332884439,17.6974413387,1.85708958771,0.369088501755,48.220621705,2.24721225476,0.357354164703,0.626525621546,3.99509059567,0.0,0.0,0.0
414,2.94016850839,2.79523173293,17.6705376254,1.85421970053,0.369339934476,48.2263191029,2.24028721071,0.357905170812,0.621092318435,4.00255091106,0.0,0.0,0.0
415,2.94249554754,2.79711676876,17.6438820462,1.85133580848,0.36958900828,48.231954743,2.23333343706,0.358451942771,0.615606757617,4.01004880089,0.0,0.0,0.0
416,2.94482399978,2.79898381669,17.6174765434,1.84843796755,0.369835705303,48.2375284749,2.22635105069,0.358994417162,0.610068937449,4.01758421932,0.0,0.0,0.0
417,2.94715385508,2.80083274195,17.5913230578,1.84552623651,0.37008000774,48.2430401484,2.21934017422,0.359532530561,0.604478869263,4.02515711902,0.0,0.0,0.0
418,2.9494851031,2.80266341027,17.5654235285,1.84260067693,0.370321897849,48.2484896138,2.21230093596,0.360066219553,0.598836577589,4.03276745149,0.0,0.0,0.0
419,2.95181773321,2.8044756879,17.5397798919,1.83966135318,0.367754074992,48.2538767218,2.20523347002,0.355316631707,0.593394368822,4.03042376106,0.0,0.0,0.0
420,2.9541517345,2.80626944164,17.5143940813,1.83670833244,0.367989291948,48.2592013238,2.1981379163,0.355829356911,0.587646245818,4.03794969416,0.0,0.0,0.0
421,2.95648709574,2.80804453888,17.4892680261,1.83374168475,0.368222062458,48.2644632715,2.19101442052,0.356337560527,0.581845965288,4.04550915145,0.0,0.0,0.0
422,2.95882380545,2.80980084766,17.4644036515,1.83076148298,0.368452369214,48.2696624176,2.18386313423,0.356841181135,0.575993605716,4.05310193978,0.0,0.0,0.0
423,2.96116185187,2.81153823666,17.4398028778,1.82776780289,0.368680194999,48.2747986151,2.17668421487,0.357340157425,0.570089259849,4.06072785913,0.0,0.0,0.0
424,2.96350122298,2.81325657529,17.4154676194,1.82476072309,0.368905522687,48.279871718,2.16947782575,0.357834428215,0.564133034894,4.06838670259,0.0,0.0,0.0
425,2.96584190647,2.81495573369,17.391399785,1.82174032508,0.36912833525,48.2848815811,2.1622441361,0.358323932473,0.558125052709,4.07607825636,0.0,0.0,0.0
426,2.96818388983,2.81663558277,17.367601276,1.81870669328,0.369348615759,48.2898280601,2.15498332105,0.358808609334,0.552065449991,4.08380229969,0.0,0.0,0.0
427,2.97052716026,2.81829599425,17.3440739867,1.81565991499,0.369566347396,48.2947110114,2.14769556167,0.359288398122,0.545954378454,4.09155860491,0.0,0.0,0.0
428,2.97287170475,2.81993684072,17.3208198036,1.81260008043,0.369781513449,48.2995302926,2.14038104501,0.359763238367,0.539792005006,4.0993469374,0.0,0.0,0.0
429,2.97521751004,2.82155799562,17.2978406041,1.80952728275,0.367169714954,48.3042857622,2.13303996403,0.35491686078,0.533885391254,4.09540830931,0.0,0.0,0.0
430,2.97756456265,2.82315933333,17.2751382569,1.80644161801,0.367378097239,48.3089772798,2.12567251769,0.355370976962,0.527620215586,4.10305606209,0.0,0.0,0.0
431,2.97991284888,2.82474072917,17.2527146207,1.80334318521,0.367583884485,48.3136047062,2.11827891091,0.355820072603,0.521304278532,4.11072950178,0.0,0.0,0.0
432,2.98226235481,2.82630205944,17.2305715437,1.80023208628,0.367787060596,48.3181679031,2.11085935458,0.356264089949,0.514937810181,4.11842811881,0.0,0.0,0.0
433,2.98461306633,2.82784320147,17.2087108635,1.79710842609,0.367987609609,48.3226667336,2.10341406557,0.356702971545,0.50852105667,4.12615138163,0.0,0.0,0.0
434,2.98696496909,2.82936403362,17.1871344058,1.79397231243,0.368185515695,48.3271010621,2.09594326673,0.35713666026,0.502054280321,4.13389873556,0.0,0.0,0.0
435,2.98931804859,2.83086443535,17.1658439842,1.79082385604,0.368380763167,48.3314707541,2.08844718686,0.357565099303,0.49553775977,4.1416696015,0.0,0.0,0.0
436,2.99167229009,2.83234428724,17.1448413997,1.78766317059,0.368573336485,48.3357756765,2.08092606076,0.357988232243,0.488971790079,4.14946337461,0.0,0.0,0.0
437,2.9940276787,2.83380347098,17.1241284397,1.78449037268,0.368763220256,48.3400156976,2.07338012915,0.35840600303,0.482356682854,4.15727942275,0.0,0.0,0.0
438,2.99638419932,2.83524186949,17.103706878,1.78130558182,0.368950399241,48.3441906871,2.06580963871,0.358818356012,0.475692766341,4.16511708484,0.0,0.0,0.0
439,2.9987418367,2.83665936687,17.0835784737,1.77810892047,0.369134858359,48.3483005161,2.05821484205,0.359225235956,0.468980385521,4.17297566904,0.0,0.0,0.0
440,3.00110057541,2.83805584846,17.0637449709,1.77490051398,0.36931658269,48.3523450573,2.05059599769,0.359626588065,0.462219902196,4.18085445075,0.0,0.0,0.0
441,3.00346039983,2.83943120087,17.0442080979,1.77168049061,0.366653284012,48.3563241847,2.04295337005,0.354664657396,0.455803614361,4.17413710712,0.0,0.0,0.0
442,3.00582129421,2.84078531204,17.024969567,1.76844898153,0.366828139207,48.360237774,2.03528722943,0.355045781207,0.448949148247,4.1817634339,0.0,0.0,0.0
443,3.00818324263,2.8421180712,17.0060310736,1.76520612077,0.367000237237,48.3640857024,2.02759785194,0.355421340283,0.442047809216,4.18939773975,0.0,0.0,0.0
444,3.01054622901,2.84342936896,16.9873942955,1.76195204525,0.367169563975,48.3678678489,2.01988551957,0.355791283289,0.435100033397,4.1970386136,0.0,0.0,0.0
445,3.01291023714,2.84471909733,16.9690608931,1.75868689474,0.367336105475,48.3715840939,2.01215052004,0.356155559414,0.428106274505,4.20468455868,0.0,0.0,0.0
446,3.01527525064,2.8459871497,16.9510325078,1.75541081184,0.367499847974,48.3752343196,2.00439314688,0.356514118382,0.421067003912,4.21233398511,0.0,0.0,0.0
447,3.01764125302,2.84723342095,16.9333107622,1.75212394201,0.367660777895,48.3788184099,1.9966136993,0.356866910473,0.413982710714,4.21998520166,0.0,0.0,0.0
448,3.02000822763,2.8484578074,16.9158972594,1.74882643349,0.367818881851,48.3823362505,1.98881248222,0.357213886543,0.406853901787,4.22763640651,0.0,0.0,0.0
449,3.02237615771,2.84966020688,16.8987935822,1.7455184373,0.367974146649,48.3857877286,1.9809898062,0.357554998039,0.399681101848,4.23528567692,0.0,0.0,0.0
450,3.02474502636,2.85084051874,16.8820012928,1.74220010726,0.368126559292,48.3891727336,1.97314598737,0.357890197018,0.392464853508,4.24293095766,0.0,0.0,0.0
451,3.02711481655,2.85199864391,16.8655219322,1.7388715999,0.368276106986,48.3924911564,1.96528134745,0.358219436165,0.385205717326,4.25057004792,0.0,0.0,0.0
452,3.02948551115,2.85313448485,16.8493570197,1.73553307448,0.368422777137,48.3957428899,1.95739621363,0.358542668807,0.377904271866,4.25820058663,0.0,0.0,0.0
453,3.03185709291,2.85424794566,16.8335080523,1.73218469297,0.368566557362,48.3989278287,1.94949091856,0.358859848937,0.370561113749,4.26582003584,0.0,0.0,0.0
454,3.03422954444,2.85533893206,16.8179765042,1.72882661998,0.368707435486,48.4020458694,1.94156580027,0.359170931222,0.36317685772,4.27342566185,0.0,0.0,0.0
455,3.03660284829,2.85640735141,16.8027638265,1.72545902279,0.365986132935,48.4050969107,1.93362120214,0.354083850817,0.356305198266,4.26124983963,0.0,0.0,0.0
456,3.03897698686,2.85745311276,16.7878714462,1.72208207125,0.366120124379,48.4080808528,1.92565747279,0.354375652368,0.348847117393,4.26832635496,0.0,0.0,0.0
457,3.04135194248,2.85847612686,16.7733007663,1.71869593782,0.366251201261,48.4109975983,1.91767496607,0.354661365342,0.341350265941,4.27535696583,0.0,0.0,0.0
458,3.04372769738,2.85947630617,16.7590531649,1.71530079748,0.366379352364,48.4138470515,1.90967404095,0.354940948529,0.333815364194,4.28233628848,0.0,0.0,0.0
459,3.04610423366,2.86045356491,16.7451299949,1.71189682774,0.366504566697,48.4166291188,1.90165506149,0.355214361458,0.326243154203,4.28925844155,0.0,0.0,0.0
460,3.04848153338,2.86140781906,16.7315325834,1.70848420856,0.366626833495,48.4193437087,1.89361839671,0.355481564416,0.318634400347,4.29611698365,0.0,0.0,0.0
461,3.05085957848,2.86233898638,16.7182622313,1.70506312235,0.366746142221,48.4219907314,1.88556442056,0.355742518457,0.310989889989,4.30290484121,0.0,0.0,0.0
462,3.05323835082,2.86324698646,16.705320213,1.70163375391,0.366862482571,48.4245700997,1.87749351184,0.355997185424,0.303310434263,4.30961422479,0.0,0.0,0.0
463,3.05561783217,2.8641317407,16.6927077754,1.69819629041,0.366975844476,48.4270817279,1.86940605407,0.356245527956,0.295596869002,4.31623653158,0.0,0.0,0.0
464,3.05799800425,2.86499317237,16.6804261383,1.69475092131,0.367086218103,48.4295255329,1.86130243547,0.356487509509,0.287850055843,4.32276223129,0.0,0.0,0.0
465,3.06037884868,2.8658312066,16.6684764931,1.69129783836,0.36719359386,48.4319014333,1.85318304883,0.356723094364,0.280070883558,4.32918073235,0.0,0.0,0.0
466,3.062760347,2.86664577039,16.656860003,1.68783723553,0.367297962394,48.4342093501,1.84504829141,0.356952247646,0.272260269641,4.33548022401,0.0,0.0,0.0
467,3.0651424807,2.86743679269,16.6455778024,1.68436930897,0.367399314601,48.4364492063,1.8368985649,0.357174935334,0.264419162231,4.34164748923,0.0,0.0,0.0
468,3.0675252312,2.86820420435,16.6346309962,1.68089425695,0.36749764162,48.438620927,1.82873427527,0.357391124275,0.25654854243,4.34766768211,0.0,0.0,0.0
469,3.06990857983,2.86894793816,16.6240206599,1.67741227986,0.36759293484,48.4407244397,1.82055583268,0.357600782198,0.248649427123,4.35352406137,0.0,0.0,0.0
470,3.07229250789,2.86966792887,16.6137478387,1.67392358007,0.367685185903,48.4427596739,1.81236365141,0.357803877724,0.240722872414,4.35919766981,0.0,0.0,0.0
471,3.07467699661,2.87036411323,16.6038135476,1.67042836198,0.367774386702,48.4447265612,1.80415814973,0.35800038038,0.232769977842,4.36466694647,0.0,0.0,0.0
472,3.07706202714,2.87103642996,16.5942187707,1.6669268319,0.367860529386,48.4466250356,1.79593974979,0.358190260611,0.224791891567,4.36990725428,0.0,0.0,0.0
473,3.0794475806,2.8716848198,16.5849644609,1.66341919802,0.367943606362,48.4484550333,1.78770887752,0.358373489792,0.216789816792,4.37489030138,0.0,0.0,0.0
474,3.08183363805,2.8723092255,16.5760515396,1.65990567033,0.368023610296,48.4502164926,1.77946596253,0.358550040236,0.208765019768,4.37958342684,0.0,0.0,0.0
475,3.0842201805,2.87290959187,16.5674808965,1.65638646061,0.368100534115,48.4519093542,1.77121143796,0.35871988521,0.200718839825,4.38394871262,0.0,0.0,0.0
476,3.08660718892,2.87348586576,16.5592533889,1.65286178234,0.368174371009,48.4535335608,1.7629457404,0.35888299894,0.192652702047,4.38794187057,0.0,0.0,0.0
477,3.08899464422,2.87403799607,16.5513698418,1.64933185063,0.365368199529,48.4550890577,1.75466930977,0.353609907665,0.185738276037,4.35158524337,0.0,0.0,0.0
478,3.09138252727,2.87456593381,16.5438310472,1.64579688221,0.365435314737,48.4565757922,1.74638258917,0.353755977792,0.177684379559,4.35281504784,0.0,0.0,0.0
479,3.0937708189,2.87506963206,16.5366377642,1.64225709531,0.365499348449,48.457993714,1.73808602477,0.353895403795,0.169620365785,4.35331513568,0.0,0.0,0.0
480,3.0961594999,2.87554904601,16.5297907184,1.63871270963,0.365560294967,48.459342775,1.72978006571,0.354028164491,0.161548952975,4.35297305772,0.0,0.0,0.0
481,3.09854855103,2.87600413297,16.5232906018,1.63516394627,0.365618148864,48.4606229295,1.72146516394,0.354154239679,0.153473242071,4.35165296711,0.0,0.0,0.0
482,3.10093795301,2.87643485234,16.5171380725,1.63161102768,0.365672904981,48.461834134,1.71314177409,0.354273610141,0.145396819632,4.3491892748,0.0,0.0,0.0
483,3.10332768653,2.87684116571,16.5113337544,1.62805417757,0.365724558432,48.4629763475,1.70481035338,0.354386257659,0.137323896654,4.34537816451,0.0,0.0,0.0
484,3.10571773223,2.87722303677,16.5058782371,1.62449362086,0.365773104603,48.464049531,1.69647136145,0.354492165012,0.129259498453,4.33996609664,0.0,0.0,0.0
485,3.10810807075,2.87758043139,16.5007720755,1.62092958363,0.365818539154,48.4650536481,1.68812526021,0.354591315991,0.12120972848,4.33263401407,0.0,0.0,0.0
486,3.11049868268,2.87791331758,16.4960157897,1.61736229299,0.365860858019,48.4659886645,1.67977251378,0.354683695402,0.113182141094,4.3229753201,0.0,0.0,0.0
487,3.11288954861,2.87822166554,16.4916098649,1.6137919771,0.36590005741,48.4668545486,1.67141358826,0.354769289071,0.105186278154,4.31046469087,0.0,0.0,0.0
488,3.11528064907,2.87850544765,16.487554751,1.61021886503,0.365936133813,48.4676512706,1.66304895166,0.354848083852,0.0972344570875,4.29441319203,0.0,0.0,0.0
489,3.1176719646,2.87876463844,16.4838508625,1.60664318673,0.365969083994,48.4683788036,1.65467907371,0.354920067632,0.0893429537648,4.27390263974,0.0,0.0,0.0
490,3.12006347572,2.87899921468,16.4804985785,1.60306517293,0.365998904997,48.4690371226,1.64630442578,0.354985229333,0.0815338196141,4.24768816463,0.0,0.0,0.0
491,3.1224551629,2.8792091553,16.4774982424,1.59948505512,0.366025594145,48.4696262053,1.63792548067,0.35504355892,0.0738377411747,4.21405189227,0.0,0.0,0.0
492,3.12484700663,2.87939444145,16.4748501617,1.5959030654,0.366049149042,48.4701460314,1.62954271251,0.355095047404,0.0662986483056,4.17058242916,0.0,0.0,0.0
493,3.12723898737,2.87955505649,16.4725546081,1.59231943649,0.36606956757,48.4705965834,1.62115659661,0.355139686844,0.0589812945819,4.11384742767,0.0,0.0,0.0
494,3.12963108558,2.87969098597,16.4706118173,1.5887344016,0.366086847894,48.4709778457,1.61276760929,0.355177470351,0.0519838650826,4.03893575639,0.0,0.0,0.0
495,3.13202328168,2.87980221767,16.4690219888,1.58514819439,0.366100988461,48.4712898053,1.60437622778,0.355208392093,0.0454586720117,3.93893274928,0.0,0.0,0.0
496,3.13441555611,2.8798887416,16.4677852859,1.58156104888,0.366111988,48.4715324516,1.59598293002,0.355232447292,0.0396436741334,3.80474791395,0.0,0.0,0.0
497,3.13680788929,2.87995054997,16.4669018359,1.5779731994,0.36611984552,48.4717057764,1.58758819457,0.355249632234,0.0348993273788,3.62674290692,0.0,0.0,0.0
498,3.13920026165,2.87998763721,16.4663717295,1.57438488048,0.366124560315,48.4718097736,1.5791925004,0.355259944261,0.0317127196011,3.40114547294,0.0,0.0,0.0
499,3.14159265359,2.88,16.4661950213,1.57079632679,0.36612613196,48.4718444397,1.57079632679,0.355263381781,0.0305766108649,3.14159265359,0.0,0.0,0.0
500,3.14159265359,2.88,16.4661950213,1.57079632679,0.36612613196,48.4718444397,1.57079632679,0.355263381781,0.0305766108649,3.14159265359,0.0,0.0,0.0
501,3.14398504553,2.87998763721,16.4663717295,1.56720777311,0.366124560315,48.4718097736,1.56240015319,0.355259944261,0.0317127196011,2.88203983424,0.0,0.0,0.0
502,3.14637741789,2.87995054997,16.4669018359,1.56361945419,0.36611984552,48.4717057764,1.55400445902,0.355249632234,0.0348993273788,2.65644240026,0.0,0.0,0.0
503,3.14876975107,2.8798887416,16.4677852859,1.56003160471,0.366111988,48.4715324516,1.54560972357,0.355232447292,0.0396436741334,2.47843739323,0.0,0.0,0.0
504,3.1511620255,2.87980221767,16.4690219888,1.5564444592,0.366100988461,48.4712898053,1.53721642581,0.355208392093,0.0454586720117,2.3442525579,0.0,0.0,0.0
505,3.1535542216,2.87969098597,16.4706118173,1.55285825199,0.366086847894,48.4709778457,1.5288250443,0.355177470351,0.0519838650826,2.24424955079,0.0,0.0,0.0
506,3.1559463198,2.87955505649,16.4725546081,1.5492732171,0.36606956757,48.4705965834,1.52043605698,0.355139686844,0.0589812945819,2.16933787951,0.0,0.0,0.0
507,3.15833830055,2.87939444145,16.4748501617,1.54568958819,0.366049149042,48.4701460314,1.51204994107,0.355095047404,0.0662986483056,2.11260287802,0.0,0.0,0.0
508,3.16073014428,2.8792091553,16.4774982424,1.54210759847,0.366025594145,48.4696262053,1.50366717292,0.35504355892,0.0738377411747,2.06913341491,0.0,0.0,0.0
509,3.16312183146,2.87899921468,16.4804985785,1.53852748066,0.365998904997,48.4690371226,1.49528822781,0.354985229333,0.0815338196141,2.03549714255,0.0,0.0,0.0
510,3.16551334257,2.87876463844,16.4838508625,1.53494946686,0.365969083994,48.4683788036,1.48691357988,0.354920067632,0.0893429537648,2.00928266744,0.0,0.0,0.0
511,3.16790465811,2.87850544765,16.487554751,1.53137378856,0.365936133813,48.4676512706,1.47854370193,0.354848083852,0.0972344570875,1.98877211515,0.0,0.0,0.0
512,3.17029575857,2.87822166554,16.4916098649,1.52780067649,0.36590005741,48.4668545486,1.47017906533,0.354769289071,0.105186278154,1.97272061631,0.0,0.0,0.0
513,3.1726866245,2.87791331758,16.4960157897,1.5242303606,0.365860858019,48.4659886645,1.46182013981,0.354683695402,0.113182141094,1.96020998708,0.0,0.0,0.0
514,3.17507723643,2.87758043139,16.5007720755,1.52066306996,0.365818539154,48.4650536481,1.45346739338,0.354591315991,0.12120972848,1.95055129311,0.0,0.0,0.0
515,3.17746757495,2.87722303677,16.5058782371,1.51709903273,0.365773104603,48.464049531,1.44512129214,0.354492165012,0.129259498453,1.94321921054,0.0,0.0,0.0
516,3.17985762065,2.87684116571,16.5113337544,1.51353847602,0.365724558432,48.4629763475,1.43678230021,0.354386257659,0.137323896654,1.93780714267,0.0,0.0,0.0
517,3.18224735417,2.87643485234,16.5171380725,1.50998162591,0.365672904981,48.461834134,1.4284508795,0.354273610141,0.145396819632,1.93399603238,0.0,0.0,0.0
518,3.18463675615,2.87600413297,16.5232906018,1.50642870732,0.365618148864,48.4606229295,1.42012748965,0.354154239679,0.153473242071,1.93153234007,0.0,0.0,0.0
519,3.18702580728,2.87554904601,16.5297907184,1.50287994396,0.365560294967,48.459342775,1.41181258788,0.354028164491,0.161548952975,1.93021224946,0.0,0.0,0.0
520,3.18941448828,2.87506963206,16.5366377642,1.49933555828,0.365499348449,48.457993714,1.40350662882,0.353895403795,0.169620365785,1.9298701715,0.0,0.0,0.0
521,3.19180277991,2.87456593381,16.5438310472,1.49579577138,0.365435314737,48.4565757922,1.39521006442,0.353755977792,0.177684379559,1.93037025934,0.0,0.0,0.0
522,3.19419066296,2.87403799607,16.5513698418,1.49226080296,0.365368199529,48.4550890577,1.38692334382,0.353609907665,0.185738276037,1.93160006381,0.0,0.0,0.0
523,3.19657811826,2.87348586576,16.5592533889,1.48873087125,0.368174371009,48.4535335608,1.37864691319,0.35888299894,0.192652702047,1.89524343661,0.0,0.0,0.0
524,3.19896512667,2.87290959187,16.5674808965,1.48520619298,0.368100534115,48.4519093542,1.37038121563,0.35871988521,0.200718839825,1.89923659456,0.0,0.0,0.0
525,3.20135166913,2.8723092255,16.5760515396,1.48168698326,0.368023610296,48.4502164926,1.36212669106,0.358550040236,0.208765019768,1.90360188034,0.0,0.0,0.0
526,3.20373772658,2.8716848198,16.5849644609,1.47817345557,0.367943606362,48.4484550333,1.35388377607,0.358373489792,0.216789816792,1.9082950058,0.0,0.0,0.0
527,3.20612328004,2.87103642996,16.5942187707,1.47466582169,0.367860529386,48.4466250356,1.3456529038,0.358190260611,0.224791891567,1.9132780529,0.0,0.0,0.0
528,3.20850831057,2.87036411323,16.6038135476,1.47116429161,0.367774386702,48.4447265612,1.33743450386,0.35800038038,0.232769977842,1.91851836071,0.0,0.0,0.0
529,3.21089279929,2.86966792887,16.6137478387,1.46766907352,0.367685185903,48.4427596739,1.32922900218,0.357803877724,0.240722872414,1.92398763737,0.0,0.0,0.0
530,3.21327672735,2.86894793816,16.6240206599,1.46418037373,0.36759293484,48.4407244397,1.32103682091,0.357600782198,0.248649427123,1.92966124581,0.0,0.0,0.0
531,3.21566007598,2.86820420435,16.6346309962,1.46069839664,0.36749764162,48.438620927,1.31285837832,0.357391124275,0.25654854243,1.93551762507,0.0,0.0,0.0
532,3.21804282647,2.86743679269,16.6455778024,1.45722334462,0.367399314601,48.4364492063,1.30469408869,0.357174935334,0.264419162231,1.94153781795,0.0,0.0,0.0
533,3.22042496018,2.86664577039,16.656860003,1.45375541806,0.367297962394,48.4342093501,1.29654436218,0.356952247646,0.272260269641,1.94770508317,0.0,0.0,0.0
534,3.2228064585,2.8658312066,16.6684764931,1.45029481523,0.36719359386,48.4319014333,1.28840960476,0.356723094364,0.280070883558,1.95400457483,0.0,0.0,0.0
535,3.22518730293,2.86499317237,16.6804261383,1.44684173228,0.367086218103,48.4295255329,1.28029021812,0.356487509509,0.287850055843,1.96042307589,0.0,0.0,0.0
536,3.227567475,2.8641317407,16.6927077754,1.44339636318,0.366975844476,48.4270817279,1.27218659952,0.356245527956,0.295596869002,1.9669487756,0.0,0.0,0.0
537,3.22994695636,2.86324698646,16.705320213,1.43995889968,0.366862482571,48.4245700997,1.26409914175,0.355997185424,0.303310434263,1.97357108238,0.0,0.0,0.0
538,3.2323257287,2.86233898638,16.7182622313,1.43652953124,0.366746142221,48.4219907314,1.25602823302,0.355742518457,0.310989889989,1.98028046597,0.0,0.0,0.0
539,3.2347037738,2.86140781906,16.7315325834,1.43310844503,0.366626833495,48.4193437087,1.24797425688,0.355481564416,0.318634400347,1.98706832353,0.0,0.0,0.0
540,3.23708107352,2.86045356491,16.7451299949,1.42969582585,0.366504566697,48.4166291188,1.2399375921,0.355214361458,0.326243154203,1.99392686563,0.0,0.0,0.0
541,3.2394576098,2.85947630617,16.7590531649,1.42629185611,0.366379352364,48.4138470515,1.23191861264,0.354940948529,0.333815364194,2.0008490187,0.0,0.0,0.0
542,3.2418333647,2.85847612686,16.7733007663,1.42289671577,0.366251201261,48.4109975983,1.22391768752,0.354661365342,0.341350265941,2.00782834135,0.0,0.0,0.0
543,3.24420832032,2.85745311276,16.7878714462,1.41951058234,0.366120124379,48.4080808528,1.2159351808,0.354375652368,0.348847117393,2.01485895222,0.0,0.0,0.0
544,3.24658245889,2.85640735141,16.8027638265,1.4161336308,0.365986132935,48.4050969107,1.20797145145,0.354083850817,0.356305198266,2.02193546755,0.0,0.0,0.0
545,3.24895576274,2.85533893206,16.8179765042,1.41276603361,0.368707435486,48.4020458694,1.20002685332,0.359170931222,0.36317685772,2.00975964533,0.0,0.0,0.0
546,3.25132821427,2.85424794566,16.8335080523,1.40940796062,0.368566557362,48.3989278287,1.19210173503,0.358859848937,0.370561113749,2.01736527134,0.0,0.0,0.0
547,3.25369979603,2.85313448485,16.8493570197,1.40605957911,0.368422777137,48.3957428899,1.18419643996,0.358542668807,0.377904271866,2.02498472055,0.0,0.0,0.0
548,3.25607049063,2.85199864391,16.8655219322,1.40272105369,0.368276106986,48.3924911564,1.17631130614,0.358219436165,0.385205717326,2.03261525926,0.0,0.0,0.0
549,3.25844028082,2.85084051874,16.8820012928,1.39939254633,0.368126559292,48.3891727336,1.16844666622,0.357890197018,0.392464853508,2.04025434952,0.0,0.0,0.0
550,3.26080914947,2.84966020688,16.8987935822,1.39607421629,0.367974146649,48.3857877286,1.16060284739,0.357554998039,0.399681101848,2.04789963026,0.0,0.0,0.0
551,3.26317707955,2.8484578074,16.9158972594,1.3927662201,0.367818881851,48.3823362505,1.15278017137,0.357213886543,0.406853901787,2.05554890067,0.0,0.0,0.0
552,3.26554405416,2.84723342095,16.9333107622,1.38946871158,0.367660777895,48.3788184099,1.14497895429,0.356866910473,0.413982710714,2.06320010552,0.0,0.0,0.0
553,3.26791005654,2.8459871497,16.9510325078,1.38618184175,0.367499847974,48.3752343196,1.13719950671,0.356514118382,0.421067003912,2.07085132207,0.0,0.0,0.0
554,3.27027507004,2.84471909733,16.9690608931,1.38290575885,0.367336105475,48.3715840939,1.12944213355,0.356155559414,0.428106274505,2.0785007485,0.0,0.0,0.0
555,3.27263907817,2.84342936896,16.9873942955,1.37964060834,0.367169563975,48.3678678489,1.12170713402,0.355791283289,0.435100033397,2.08614669357,0.0,0.0,0.0
556,3.27500206455,2.8421180712,17.0060310736,1.37638653282,0.367000237237,48.3640857024,1.11399480165,0.355421340283,0.442047809216,2.09378756743,0.0,0.0,0.0
557,3.27736401297,2.84078531204,17.024969567,1.37314367206,0.366828139207,48.360237774,1.10630542416,0.355045781207,0.448949148247,2.10142187328,0.0,0.0,0.0
558,3.27972490735,2.83943120087,17.0442080979,1.36991216297,0.366653284012,48.3563241847,1.09863928354,0.354664657396,0.455803614361,2.10904820006,0.0,0.0,0.0
559,3.28208473177,2.83805584846,17.0637449709,1.36669213961,0.36931658269,48.3523450573,1.0909966559,0.359626588065,0.462219902196,2.10233085642,0.0,0.0,0.0
560,3.28444347048,2.83665936687,17.0835784737,1.36348373312,0.369134858359,48.3483005161,1.08337781154,0.359225235956,0.468980385521,2.11020963813,0.0,0.0,0.0
561,3.28680110786,2.83524186949,17.103706878,1.36028707177,0.368950399241,48.3441906871,1.07578301488,0.358818356012,0.475692766341,2.11806822234,0.0,0.0,0.0
562,3.28915762848,2.83380347098,17.1241284397,1.35710228091,0.368763220256,48.3400156976,1.06821252444,0.35840600303,0.482356682854,2.12590588443,0.0,0.0,0.0
563,3.29151301709,2.83234428724,17.1448413997,1.353929483,0.368573336485,48.3357756765,1.06066659283,0.357988232243,0.488971790079,2.13372193257,0.0,0.0,0.0
564,3.29386725859,2.83086443535,17.1658439842,1.35076879754,0.368380763167,48.3314707541,1.05314546673,0.357565099303,0.49553775977,2.14151570568,0.0,0.0,0.0
565,3.29622033809,2.82936403362,17.1871344058,1.34762034116,0.368185515695,48.3271010621,1.04564938686,0.35713666026,0.502054280321,2.14928657162,0.0,0.0,0.0
566,3.29857224085,2.82784320147,17.2087108635,1.3444842275,0.367987609609,48.3226667336,1.03817858802,0.356702971545,0.50852105667,2.15703392554,0.0,0.0,0.0
567,3.30092295237,2.82630205944,17.2305715437,1.34136056731,0.367787060596,48.3181679031,1.03073329901,0.356264089949,0.514937810181,2.16475718837,0.0,0.0,0.0
568,3.3032724583,2.82474072917,17.2527146207,1.33824946838,0.367583884485,48.3136047062,1.02331374268,0.355820072603,0.521304278532,2.1724558054,0.0,0.0,0.0
569,3.30562074453,2.82315933333,17.2751382569,1.33515103558,0.367378097239,48.3089772798,1.0159201359,0.355370976962,0.527620215586,2.18012924509,0.0,0.0,0.0
570,3.30796779714,2.82155799562,17.2978406041,1.33206537084,0.367169714954,48.3042857622,1.00855268956,0.35491686078,0.533885391254,2.18777699787,0.0,0.0,0.0
571,3.31031360243,2.81993684072,17.3208198036,1.32899257316,0.369781513449,48.2995302926,1.00121160858,0.359763238367,0.539792005006,2.18383836978,0.0,0.0,0.0
572,3.31265814692,2.81829599425,17.3440739867,1.3259327386,0.369566347396,48.2947110114,0.993897091916,0.359288398122,0.545954378454,2.19162670227,0.0,0.0,0.0
573,3.31500141735,2.81663558277,17.367601276,1.32288596031,0.369348615759,48.2898280601,0.986609332544,0.358808609334,0.552065449991,2.19938300749,0.0,0.0,0.0
574,3.31734340071,2.81495573369,17.391399785,1.31985232851,0.36912833525,48.2848815811,0.979348517492,0.358323932473,0.558125052709,2.20710705082,0.0,0.0,0.0
575,3.3196840842,2.81325657529,17.4154676194,1.3168319305,0.368905522687,48.279871718,0.972114827836,0.357834428215,0.564133034894,2.21479860459,0.0,0.0,0.0
576,3.32202345531,2.81153823666,17.4398028778,1.3138248507,0.368680194999,48.2747986151,0.964908438717,0.357340157425,0.570089259849,2.22245744805,0.0,0.0,0.0
577,3.32436150173,2.80980084766,17.4644036515,1.31083117061,0.368452369214,48.2696624176,0.957729519358,0.356841181135,0.575993605716,2.2300833674,0.0,0.0,0.0
578,3.32669821144,2.80804453888,17.4892680261,1.30785096884,0.368222062458,48.2644632715,0.950578233072,0.356337560527,0.581845965288,2.23767615573,0.0,0.0,0.0
579,3.32903357268,2.80626944164,17.5143940813,1.30488432115,0.367989291948,48.2592013238,0.943454737288,0.355829356911,0.587646245818,2.24523561302,0.0,0.0,0.0
580,3.33136757397,2.8044756879,17.5397798919,1.30193130041,0.367754074992,48.2538767218,0.936359183569,0.355316631707,0.593394368822,2.25276154612,0.0,0.0,0.0
581,3.33370020408,2.80266341027,17.5654235285,1.29899197666,0.370321897849,48.2484896138,0.929291717631,0.360066219553,0.598836577589,2.25041785569,0.0,0.0,0.0
582,3.3360314521,2.80083274195,17.5913230578,1.29606641708,0.37008000774,48.2430401484,0.922252479373,0.359532530561,0.604478869263,2.25802818816,0.0,0.0,0.0
583,3.3383613074,2.79898381669,17.6174765434,1.29315468604,0.369835705303,48.2375284749,0.915241602895,0.358994417162,0.610068937449,2.26560108786,0.0,0.0,0.0
584,3.34068975963,2.79711676876,17.6438820462,1.29025684511,0.36958900828,48.231954743,0.908259216532,0.358451942771,0.615606757617,2.27313650629,0.0,0.0,0.0
585,3.34301679879,2.79523173293,17.6705376254,1.28737295306,0.369339934476,48.2263191029,0.90130544288,0.357905170812,0.621092318435,2.28063439612,0.0,0.0,0.0
586,3.34534241517,2.79332884439,17.6974413387,1.28450306588,0.369088501755,48.220621705,0.894380398826,0.357354164703,0.626525621546,2.28809471151,0.0,0.0,0.0
587,3.34766659938,2.79140823873,17.7245912431,1.28164723681,0.368834728035,48.2148627,0.887484195584,0.356798987827,0.63190668134,2.29551740836,0.0,0.0,0.0
588,3.34998934237,2.78947005194,17.7519853954,1.27880551636,0.368578631282,48.2090422388,0.880616938721,0.356239703524,0.637235524721,2.30290244456,0.0,0.0,0.0
589,3.35231063543,2.78751442031,17.779621853,1.27597795232,0.371110534224,48.2031604725,0.873778728202,0.360917392501,0.642298912916,2.30153526976,0.0,0.0,0.0
590,3.3546304702,2.78554148043,17.8074986744,1.27316458978,0.370847870555,48.1972175522,0.86696965842,0.360337009261,0.647521736513,2.30897302197,0.0,0.0,0.0
591,3.35694883867,2.78355136912,17.8356139197,1.27036547115,0.370582920801,48.191213629,0.860189818233,0.359752633184,0.652692597739,2.31637043169,0.0,0.0,0.0
592,3.3592657332,2.78154422343,17.8639656512,1.26758063619,0.370315703207,48.1851488539,0.853439291008,0.359164328986,0.65781156949,2.32372754784,0.0,0.0,0.0
593,3.36158114653,2.77952018057,17.8925519343,1.26481012205,0.37004623604,48.1790233778,0.84671815466,0.358572161237,0.662878736007,2.33104441878,0.0,0.0,0.0
594,3.36389507176,2.77747937788,17.9213708377,1.26205396323,0.369774537584,48.1728373512,0.840026481689,0.357976194338,0.667894192627,2.33832109261,0.0,0.0,0.0
595,3.3662075024,2.7754219528,17.9504204343,1.25931219167,0.369500626137,48.1665909246,0.833364339228,0.357376492503,0.672858045541,2.34555761752,0.0,0.0,0.0
596,3.36851843237,2.7733480428,17.9796988016,1.25658483676,0.36922452,48.1602842477,0.826731789085,0.35677311974,0.677770411539,2.35275404201,0.0,0.0,0.0
597,3.37082785597,2.77125778536,18.0092040226,1.25387192532,0.368946237478,48.1539174699,0.820128887786,0.356166139835,0.682631417768,2.35991041518,0.0,0.0,0.0
598,3.37313576793,2.76915131793,18.038934186,1.2511734817,0.371437720104,48.1474907401,0.813555686625,0.360748449356,0.687256181424,2.35937499421,0.0,0.0,0.0
599,3.37544216343,2.76702877789,18.068887387,1.24848952773,0.371153015034,48.1410042066,0.807012231706,0.360120423064,0.692013164401,2.36655915968,0.0,0.0,0.0
600,3.37774703806,2.76489030251,18.0990617279,1.2458200828,0.37086617249,48.1344580166,0.800498563992,0.359488919205,0.696719332556,2.37370147643,0.0,0.0,0.0
601,3.38005038787,2.76273602888,18.1294553188,1.24316516387,0.370577210862,48.1278523168,0.794014719354,0.35885400222,0.701374849948,2.38080205352,0.0,0.0,0.0
602,3.38235220938,2.76056609391,18.1600662779,1.24052478548,0.370286148514,48.121187253,0.787560728621,0.358215736224,0.705979889772,2.38786099946,0.0,0.0,0.0
603,3.38465249955,2.75838063425,18.1908927324,1.2378989598,0.369993003775,48.1144629696,0.781136617629,0.357574184996,0.710534634109,2.39487842245,0.0,0.0,0.0
604,3.38695125583,2.7561797863,18.2219328189,1.23528769667,0.36969779494,48.1076796103,0.774742407269,0.356929411955,0.715039273677,2.40185443059,0.0,0.0,0.0
605,3.38924847618,2.75396368609,18.2531846842,1.23269100357,0.372157260658,48.1008373173,0.768378113542,0.3614460653,0.719333660091,2.40184902892,0.0,0.0,0.0
606,3.39154415903,2.75173246932,18.2846464856,1.23010888571,0.371855744878,48.0939362317,0.76204374761,0.360780276663,0.723736918261,2.40883775669,0.0,0.0,0.0
607,3.39383830334,2.74948627126,18.3163163916,1.22754134604,0.371552204599,48.0869764931,0.755739315847,0.360111405166,0.728090798642,2.41578379251,0.0,0.0,0.0
608,3.39613090857,2.74722522673,18.3481925828,1.22498838528,0.371246658042,48.0799582394,0.749464819891,0.359439514309,0.732395521831,2.42268728849,0.0,0.0,0.0
609,3.39842197474,2.74494947006,18.3802732519,1.22245000191,0.370939123357,48.0728816071,0.743220256701,0.35876466714,0.736651315864,2.42954839607,0.0,0.0,0.0
610,3.4007115024,2.74265913504,18.4125566048,1.21992619228,0.370629618624,48.0657467308,0.737005618606,0.358086926237,0.740858415972,2.43636726628,0.0,0.0,0.0
611,3.40299949264,2.74035435487,18.445040861,1.21741695057,0.370318161844,48.0585537434,0.730820893365,0.357406353693,0.745017064339,2.44314404988,0.0,0.0,0.0
612,3.40528594714,2.73803526213,18.4777242542,1.21492226884,0.372745546965,48.0513027758,0.724666064214,0.361853367061,0.748986661227,2.4435705007,0.0,0.0,0.0
613,3.40757086815,2.73570198874,18.5106050327,1.21244213708,0.37242790414,48.0439939566,0.718541109929,0.36115188102,0.753047436371,2.45034842721,0.0,0.0,0.0
614,3.4098542585,2.73335466589,18.5436814604,1.20997654322,0.372108348678,48.0366274125,0.712446004875,0.360447708728,0.757060629378,2.45708338367,0.0,0.0,0.0
615,3.41213612164,2.73099342404,18.576951817,1.20752547316,0.371786898335,48.0292032678,0.706380719062,0.359740911789,0.761026505612,2.46377555438,0.0,0.0,0.0
616,3.41441646162,2.72861839283,18.6104143988,1.20508891083,0.371463570763,48.0217216442,0.700345218205,0.359031551227,0.76494533625,2.4704251231,0.0,0.0,0.0
617,3.41669528312,2.72622970106,18.6440675191,1.20266683816,0.371138383496,48.0141826609,0.694339463773,0.358319687474,0.768817398052,2.47703227321,0.0,0.0,0.0
618,3.41897259145,2.72382747667,18.677909509,1.20025923518,0.370811353949,48.0065864347,0.688363413053,0.35760538036,0.772642973136,2.48359718786,0.0,0.0,0.0
619,3.4212483926,2.72141184664,18.7119387179,1.19786608003,0.373206635386,47.998933079,0.682417019197,0.361979161372,0.776297141977,2.48437670865,0.0,0.0,0.0
620,3.42352269319,2.71898293698,18.7461535139,1.19548734893,0.37287354167,47.9912227049,0.676500231284,0.361244101647,0.780029012192,2.49093388096,0.0,0.0,0.0
621,3.42579550054,2.71654087271,18.7805522846,1.19312301633,0.372538643967,47.9834554199,0.670612994376,0.360506747355,0.783715371615,2.49744824011,0.0,0.0,0.0
622,3.42806682266,2.71408577776,18.8151334377,1.19077305482,0.372201959274,47.9756313284,0.664755249572,0.359767157274,0.787356519316,2.5039199956,0.0,0.0,0.0
623,3.43033666824,2.71161777497,18.8498954015,1.18843743525,0.371863504436,47.9677505317,0.658926934064,0.359025389489,0.79095275867,2.51034935651,0.0,0.0,0.0
624,3.43260504671,2.70913698602,18.8848366254,1.18611612672,0.371523296142,47.9598131273,0.653127981194,0.358281501384,0.794504397144,2.51673653167,0.0,0.0,0.0
625,3.43487196824,2.70664353141,18.9199555804,1.18380909661,0.373890703793,47.9518192091,0.647358320513,0.362597392505,0.797900846566,2.51777743477,0.0,0.0,0.0
626,3.43713744371,2.7041375304,18.9552507602,1.18151631062,0.373544529479,47.9437688673,0.641617877829,0.36183286456,0.801362695517,2.52415066281,0.0,0.0,0.0
627,3.43940148478,2.70161910096,18.990720681,1.17923773282,0.373196638326,47.9356621881,0.635906575273,0.361066366231,0.804780984823,2.53048134828,0.0,0.0,0.0
628,3.4416641039,2.69908835975,19.0263638828,1.17697332565,0.372847046447,47.9274992536,0.630224331347,0.360297953378,0.808156034019,2.53676972134,0.0,0.0,0.0
629,3.44392531427,2.69654542205,19.0621789296,1.17472304996,0.372495769767,47.9192801416,0.624571060984,0.359527681079,0.811488165769,2.54301601175,0.0,0.0,0.0
630,3.44618512991,2.69399040173,19.0981644098,1.17248686507,0.372142824017,47.9110049257,0.6189466756,0.358755603618,0.814777705665,2.549220449,0.0,0.0,0.0
631,3.44844356566,2.6914234112,19.1343189372,1.17026472875,0.374482342247,47.9026736746,0.613351083154,0.363010989995,0.817925974838,2.55048212905,0.0,0.0,0.0
632,3.45070063718,2.68884456139,19.1706411515,1.1680565973,0.374123523304,47.8942864525,0.607784188199,0.362218412417,0.821129901498,2.55666776477,0.0,0.0,0.0
633,3.45295636098,2.68625396165,19.2071297185,1.16586242556,0.373763069486,47.8858433187,0.602245891938,0.36142417849,0.824292320782,2.56281137201,0.0,0.0,0.0
634,3.45521075444,2.68365171976,19.2437833311,1.16368216692,0.37340099579,47.8773443273,0.596736092281,0.360628340523,0.82741356595,2.56891319775,0.0,0.0,0.0
635,3.45746383579,2.68103794188,19.2806007097,1.16151577339,0.373037316986,47.8687895272,0.591254683895,0.35983094996,0.830493972322,2.57497348857,0.0,0.0,0.0
636,3.45971562419,2.67841273247,19.3175806027,1.15936319563,0.372672047609,47.8601789622,0.585801558264,0.359032057374,0.833533877107,2.58099249072,0.0,0.0,0.0
637,3.46196613966,2.67577619429,19.3547217873,1.15722438293,0.374983656599,47.8515126699,0.580376603738,0.363224487473,0.836444603608,2.58244096724,0.0,0.0,0.0
638,3.46421540318,2.67312842833,19.3920230698,1.1550992833,0.374612598305,47.8427906828,0.574979705589,0.362405252279,0.839403238411,2.58843743253,0.0,0.0,0.0
639,3.46646343665,2.67046953376,19.4294832863,1.15298784347,0.374239980447,47.8340130269,0.569610746064,0.361584660504,0.842322479783,2.59439258432,0.0,0.0,0.0
640,3.46871026292,2.66779960791,19.4671013036,1.15089000892,0.373865816665,47.8251797225,0.564269604439,0.360762760315,0.845202668685,2.6003066833,0.0,0.0,0.0
641,3.47095590583,2.66511874622,19.5048760189,1.14880572394,0.373490120332,47.8162907832,0.55895615707,0.359939598942,0.848044147195,2.6061799897,0.0,0.0,0.0
642,3.47320039018,2.66242704218,19.5428063616,1.14673493162,0.373112904551,47.8073462165,0.553670277448,0.359115222671,0.850847258357,2.61201276343,0.0,0.0,0.0
643,3.47544374179,2.65972458731,19.5808912926,1.14467757389,0.375396569115,47.7983460227,0.548411836249,0.363242381868,0.853531831935,2.61361959054,0.0,0.0,0.0
644,3.4776859875,2.65701147111,19.6191298058,1.14263359159,0.375013636798,47.7892901957,0.543180701387,0.362397828847,0.85625810152,2.61942702701,0.0,0.0,0.0
645,3.47992715517,2.654287781,19.6575209284,1.14060292444,0.374629212068,47.780178722,0.537976738064,0.361552200808,0.858947118492,2.62519403143,0.0,0.0,0.0
646,3.48216727372,2.65155360229,19.6960637214,1.1385855111,0.374243306965,47.7710115808,0.532799808826,0.360705541237,0.861599226227,2.63092087551,0.0,0.0,0.0
647,3.48440637316,2.64880901815,19.7347572801,1.13658128923,0.373855933227,47.761788744,0.527649773608,0.359857892617,0.864214768391,2.63660783051,0.0,0.0,0.0
648,3.48664448455,2.64605410955,19.7736007348,1.13459019544,0.376115805089,47.7525101755,0.522526489788,0.363936731112,0.866721976887,2.63833688017,0.0,0.0,0.0
649,3.48888164008,2.6432889552,19.8125932517,1.13261216542,0.375722760127,47.7431758314,0.517429812237,0.363068977528,0.869264355589,2.64399655881,0.0,0.0,0.0
650,3.49111787305,2.64051363157,19.8517340327,1.13064713387,0.375328269681,47.7337856598,0.512359593367,0.362200369222,0.871771277622,2.64961654358,0.0,0.0,0.0
651,3.49335321791,2.63772821278,19.8910223167,1.1286950346,0.374932344287,47.7243396001,0.507315683185,0.361330945555,0.874243084507,2.65519711546,0.0,0.0,0.0
652,3.49558771024,2.63493277059,19.9304573798,1.12675580055,0.374534994146,47.7148375834,0.502297929336,0.360460744843,0.876680117459,2.66073855486,0.0,0.0,0.0
653,3.49782138682,2.63212737436,19.9700385361,1.12482936377,0.376770991245,47.7052795319,0.497306177157,0.364489356746,0.879017856682,2.66257466139,0.0,0.0,0.0
654,3.50005428562,2.62931209099,20.009765138,1.12291565551,0.376368002735,47.6956653587,0.492340269724,0.363599119011,0.88138538638,2.66808739551,0.0,0.0,0.0
655,3.50228644581,2.62648698491,20.0496365771,1.12101460621,0.375963608171,47.6859949678,0.4874000479,0.362708231534,0.883719236191,2.67356127309,0.0,0.0,0.0
656,3.50451790779,2.623652118,20.0896522846,1.11912614555,0.375557816411,47.6762682533,0.482485350384,0.361816729212,0.886019743028,2.6789965824,0.0,0.0,0.0
657,3.50674871321,2.62080754958,20.1298117318,1.11725020245,0.375150635947,47.6664851001,0.477596013756,0.360924645854,0.888287242981,2.68439361106,0.0,0.0,0.0
658,3.50897890498,2.61795333636,20.170114431,1.11538670515,0.377362648799,47.6566453827,0.472731872528,0.364901144344,0.890463507565,2.68632375309,0.0,0.0,0.0
659,3.5112085273,2.61508953238,20.2105599356,1.11353558119,0.376949848226,47.6467489654,0.467892759188,0.363989082522,0.892665114866,2.69169108897,0.0,0.0,0.0
660,3.51343762567,2.61221618901,20.2511478411,1.11169675744,0.376535672605,47.6367957023,0.463078504249,0.363076558541,0.894834786718,2.69702048873,0.0,0.0,0.0
661,3.51566624691,2.60933335488,20.2918777857,1.10987016016,0.376120128946,47.6267854364,0.458288936292,0.362163602524,0.896972853052,2.70231224618,0.0,0.0,0.0
662,3.51789443918,2.60644107583,20.3327494505,1.108055715,0.375703223857,47.616718,0.453523882018,0.361250243477,0.899079642531,2.70756665432,0.0,0.0,0.0
663,3.52012225199,2.6035393949,20.3737625603,1.10625334705,0.377891109077,47.6065932139,0.448783166286,0.365172744832,0.901102426185,2.70957968723,0.0,0.0,0.0
664,3.52234973625,2.60062835228,20.4149168844,1.10446298085,0.377468585374,47.5964108877,0.444066612168,0.36423945102,0.903146857026,2.71480379689,0.0,0.0,0.0
665,3.52457694424,2.59770798528,20.4562122369,1.10268454042,0.377044708281,47.5861708189,0.439374040983,0.363305863297,0.905161053256,2.71999095966,0.0,0.0,0.0
666,3.52680392968,2.59477832824,20.4976484772,1.10091794929,0.376619482785,47.5758727932,0.434705272354,0.362372006747,0.907145335808,2.72514147321,0.0,0.0,0.0
667,3.52903074771,2.59183941258,20.539225511,1.09916313054,0.376192913445,47.5655165837,0.430060124243,0.36143790531,0.909100023959,2.73025563425,0.0,0.0,0.0
668,3.53125745494,2.58889126668,20.5809432906,1.09742000679,0.378356487123,47.5551019513,0.425438413001,0.365304512316,0.910977234727,2.73234205847,0.0,0.0,0.0
669,3.53348410945,2.58593391589,20.6228018155,1.09568850029,0.377924281702,47.5446286435,0.42083995341,0.364350499601,0.912872998978,2.73742564475,0.0,0.0,0.0
670,3.5357107708,2.58296738247,20.6648011329,1.09396853287,0.377490734277,47.5340963951,0.416264558729,0.363396340128,0.914740176387,2.74247332919,0.0,0.0,0.0
671,3.53793750009,2.57999168558,20.7069413387,1.09226002603,0.377055847644,47.5235049272,0.411712040737,0.36244205371,0.916579077188,2.74748541171,0.0,0.0,0.0
672,3.54016435994,2.5770068412,20.7492225775,1.09056290095,0.376619624141,47.5128539472,0.407182209774,0.361487659006,0.918390009641,2.75246219111,0.0,0.0,0.0
673,3.54239141452,2.57401286214,20.7916450439,1.0888770785,0.378758655083,47.5021431485,0.40267487479,0.365296443985,0.920129398578,2.75461394971,0.0,0.0,0.0
674,3.54461872959,2.57100975795,20.8342089824,1.08720247926,0.378316756869,47.49137221,0.398189843383,0.364322136125,0.921884723789,2.75956016091,0.0,0.0,0.0
675,3.5468463725,2.56799753494,20.8769146884,1.0855390236,0.377873516848,47.4805407961,0.393726921846,0.363347805991,0.923613049007,2.76447155911,0.0,0.0,0.0
676,3.54907441222,2.56497619613,20.9197625086,1.08388663164,0.377428935461,47.4696485563,0.389285915209,0.362373467942,0.925314672367,2.76934844492,0.0,0.0,0.0
677,3.55130291935,2.56194574118,20.9627528418,1.08224522332,0.379547522905,47.4586951246,0.384866627278,0.366142469183,0.926950430392,2.77155507266,0.0,0.0,0.0
678,3.55353196613,2.55890616639,21.0058861393,1.08061471843,0.379097215529,47.4476801195,0.380468860687,0.3651481229,0.928598991576,2.7764014175,0.0,0.0,0.0
679,3.55576162652,2.55585746466,21.0491629057,1.07899503659,0.378645556013,47.4366031437,0.376092416929,0.364153844856,0.930221785004,2.78121376945,0.0,0.0,0.0
680,3.55799197615,2.55279962546,21.0925836993,1.07738609733,0.378192542798,47.4254637836,0.371737096408,0.36315964499,0.931819097991,2.78599242972,0.0,0.0,0.0
681,3.56022309236,2.54973263477,21.1361491328,1.07578782009,0.377738173807,47.4142616088,0.367402698478,0.362165532072,0.933391215449,2.79073769804,0.0,0.0,0.0
682,3.56245505426,2.54665647508,21.1798598738,1.07420012425,0.379831652119,47.4029961724,0.363089021484,0.36587284425,0.934902379392,2.79299787339,0.0,0.0,0.0
683,3.5646879427,2.54357112534,21.2237166456,1.07262292914,0.379371474831,47.39166701,0.358795862807,0.364858664484,0.936424504086,2.79771302487,0.0,0.0,0.0
684,3.56692184031,2.54047656094,21.2677202277,1.07105615412,0.378909923184,47.3802736397,0.354523018904,0.363844633937,0.93792232217,2.80239532866,0.0,0.0,0.0
685,3.56915683153,2.53737275366,21.3118714561,1.06949971854,0.37844699297,47.3688155615,0.350270285353,0.362830756859,0.939396107025,2.80704508373,0.0,0.0,0.0
686,3.57139300263,2.53425967167,21.3561712246,1.0679535418,0.3805194759,47.3572922573,0.346037456893,0.366494640534,0.940813616049,2.80935145667,0.0,0.0,0.0
687,3.57363044171,2.53113727944,21.4006204846,1.0664175434,0.380050648238,47.3457031904,0.341824327468,0.365460551772,0.94223974389,2.81397142729,0.0,0.0,0.0
688,3.57586923876,2.52800553779,21.4452202464,1.06489164291,0.37958041676,47.3340478049,0.337630690269,0.364426667562,0.943642689358,2.81855941104,0.0,0.0,0.0
689,3.57810948564,2.5248644038,21.4899715793,1.06337576004,0.37910877502,47.3223255257,0.333456337776,0.363392987561,0.945022713873,2.823115705,0.0,0.0,0.0
690,3.58035127611,2.52171383082,21.5348756125,1.06186981465,0.381159954075,47.3105357577,0.3293010618,0.367011630774,0.946350712628,2.82546508852,0.0,0.0,0.0
691,3.58259470588,2.51855376838,21.5799335356,1.06037372679,0.380682307,47.2986778861,0.325164653526,0.365957568834,0.947685315989,2.82999203959,0.0,0.0,0.0
692,3.58483987262,2.51538416226,21.6251465991,1.0588874167,0.380203217386,47.2867512752,0.321046903557,0.364903750515,0.948997810065,2.83448787524,0.0,0.0,0.0
693,3.58708687595,2.51220495437,21.6705161152,1.05741080488,0.379722676455,47.2747552685,0.316947601957,0.363850170842,0.950288443994,2.83895288949,0.0,0.0,0.0
694,3.5893358175,2.50901608278,21.7160434584,1.05594381207,0.381752202446,47.2626891885,0.31286653829,0.367421696207,0.951530924612,2.84134253177,0.0,0.0,0.0
695,3.59158680091,2.50581748167,21.7617300658,1.0544863593,0.381265528403,47.2505523356,0.308803501667,0.366347536985,0.952778269931,2.84577873556,0.0,0.0,0.0
696,3.59383993187,2.50260908131,21.8075774382,1.05303836793,0.380777363383,47.2383439884,0.304758280788,0.36527364376,0.95400452677,2.85018469992,0.0,0.0,0.0
697,3.59609531812,2.49939080802,21.8535871403,1.05159975966,0.380287696177,47.2260634029,0.300730663987,0.36420000692,0.955209931751,2.85456071467,0.0,0.0,0.0
698,3.59835306949,2.4961625842,21.8997608015,1.05017045654,0.382295176213,47.2137098122,0.29672043927,0.367722465564,0.956370722197,2.85698824658,0.0,0.0,0.0
699,3.60061329791,2.49292432824,21.9461001165,1.04875038105,0.381799227101,47.2012824261,0.292727394367,0.366628022521,0.957534865282,2.8613360566,0.0,0.0,0.0
700,3.60287611745,2.48967595452,21.9926068457,1.04733945607,0.381301728424,47.1887804307,0.28875131677,0.365533850863,0.958678887646,2.86565450176,0.0,0.0,0.0
701,3.60514164431,2.48641737341,22.0392828161,1.04593760494,0.380802666453,47.1762029879,0.284791993778,0.364439936365,0.959803013252,2.86994386652,0.0,0.0,0.0
702,3.60740999688,2.48314849124,22.0861299219,1.0445447515,0.382787660959,47.1635492348,0.280849212546,0.367911302358,0.960885767979,2.87240725178,0.0,0.0,0.0
703,3.60968129572,2.47986921024,22.1331501248,1.04316082007,0.382282146171,47.1508182836,0.276922760122,0.366796324563,0.96197055087,2.87666907383,0.0,0.0,0.0
704,3.61195566363,2.47657942859,22.180345455,1.04178573553,0.381775012662,47.1380092212,0.273012423499,0.3656816064,0.963036127342,2.88090239826,0.0,0.0,0.0
705,3.61423322563,2.47327904032,22.2277180115,1.04041942332,0.381266244102,47.125121108,0.26911798966,0.364567129096,0.964082708634,2.88510750294,0.0,0.0,0.0
706,3.61651410901,2.46996793539,22.2752699627,1.03906180948,0.38322826389,47.1121529785,0.265239245617,0.367985294503,0.965090901314,2.88760499044,0.0,0.0,0.0
707,3.61879844335,2.46664599957,22.3230035476,1.03771282065,0.382712848422,47.09910384,0.261375978464,0.366849465291,0.966099950585,2.89178325417,0.0,0.0,0.0
708,3.62108636051,2.46331311448,22.3709210754,1.03637238416,0.38219573412,47.0859726725,0.257527975423,0.365713866828,0.967090654182,2.89593387421,0.0,0.0,0.0
709,3.62337799469,2.4599691576,22.419024927,1.035040428,0.38167690197,47.0727584281,0.253695023886,0.364578475887,0.968063210631,2.90005712063,0.0,0.0,0.0
710,3.62567348246,2.45661400217,22.4673175552,1.03371688086,0.383615405378,47.0594600307,0.249876911466,0.367941246561,0.969000128764,2.90258719846,0.0,0.0,0.0
711,3.62797296272,2.45324751726,22.5158014854,1.0324016722,0.383089708035,47.0460763752,0.246073426044,0.366784182882,0.96993685512,2.90668432914,0.0,0.0,0.0
712,3.63027657681,2.44986956771,22.5644793162,1.03109473224,0.382562220418,47.0326063272,0.242284355816,0.365627304111,0.970856043189,2.91075465079,0.0,0.0,0.0
713,3.63258446845,2.44648001415,22.6133537199,1.02979599198,0.384481849698,47.0190487225,0.238509489343,0.368954575733,0.971742060967,2.9133151309,0.0,0.0,0.0
714,3.63489678382,2.44307871294,22.6624274434,1.02850538328,0.38394731087,47.0054023665,0.234748615596,0.367775674973,0.972626620083,2.91735977513,0.0,0.0,0.0
715,3.63721367156,2.43966551621,22.7117033085,1.02722283885,0.383410902575,46.9916660336,0.231001524012,0.366596927487,0.973494219176,2.92137816555,0.0,0.0,0.0
716,3.6395352828,2.43624027183,22.7611842125,1.02594829228,0.382872600905,46.9778384669,0.227268004537,0.365418302463,0.974345034489,2.9253705563,0.0,0.0,0.0
717,3.64186177117,2.43280282339,22.8108731294,1.02468167812,0.384767619335,46.9639183774,0.22354784768,0.36868583139,0.975165009627,2.92796120796,0.0,0.0,0.0
718,3.64419329283,2.42935301022,22.8607731095,1.02342293182,0.384222003239,46.9499044436,0.219840844563,0.367484806611,0.975982709346,2.93192865477,0.0,0.0,0.0
719,3.64653000651,2.42589066737,22.910887281,1.02217198987,0.383674405471,46.935795311,0.216146786971,0.366283860596,0.976784163727,2.93587063704,0.0,0.0,0.0
720,3.6488720735,2.42241562559,22.96121885,1.02092878974,0.385549639722,46.9215895913,0.212465467406,0.369512030579,0.977556835812,2.93848967552,0.0,0.0,0.0
721,3.6512196577,2.41892771135,23.0117711013,1.01969326997,0.384994506224,46.9072858621,0.208796679138,0.36828829254,0.97832623667,2.94240714991,0.0,0.0,0.0
722,3.65357292562,2.41542674682,23.0625473989,1.01846537018,0.384437295654,46.892882666,0.205140216257,0.367064580994,0.979079900875,2.94629967865,0.0,0.0,0.0
723,3.65593204645,2.41191254989,23.1135511869,1.0172450311,0.383877979025,46.8783785103,0.201495873728,0.365840858147,0.979817983019,2.95016749577,0.0,0.0,0.0
724,3.65829719202,2.40838493414,23.1647859898,1.01603219461,0.385727322392,46.8637718663,0.197863447445,0.369004627497,0.98052927715,2.95281468789,0.0,0.0,0.0
725,3.66066853685,2.40484370887,23.2162554131,1.01482680378,0.385160159185,46.8490611686,0.194242734282,0.367757679371,0.981236634326,2.95665868803,0.0,0.0,0.0
726,3.66304625822,2.40128867907,23.2679631442,1.01362880288,0.384590785044,46.8342448145,0.190633532153,0.366510656556,0.981928879719,2.96047846657,0.0,0.0,0.0
727,3.66543053609,2.39771964547,23.3199129528,1.01243813743,0.386419287809,46.8193211634,0.187035640066,0.369630946526,0.982596061544,2.96315227512,0.0,0.0,0.0
728,3.66782155324,2.39413640448,23.3721086915,1.01125475426,0.385841808531,46.8042885362,0.183448858177,0.368360265201,0.98325850856,2.96694863091,0.0,0.0,0.0
729,3.6702194952,2.39053874827,23.4245542964,1.01007860148,0.385262006078,46.7891452147,0.179872987851,0.367089438095,0.983906285589,2.97072123193,0.0,0.0,0.0
730,3.67262455034,2.38692646471,23.4772537878,1.00890962859,0.38706916204,46.7738894406,0.176307831714,0.370164280178,0.984530577985,2.97342085138,0.0,0.0,0.0
731,3.67503690984,2.38329933743,23.5302112706,1.00774778645,0.386480979237,46.7585194151,0.172753193717,0.368869344722,0.985149427016,2.97717039572,0.0,0.0,0.0
732,3.67745676776,2.37965714579,23.5834309353,1.00659302735,0.385890353565,46.7430332983,0.169208879193,0.367574185195,0.985754020058,2.98089662579,0.0,0.0,0.0
733,3.67988432103,2.37599966491,23.6369170581,1.00544530505,0.387675626595,46.7274292081,0.165674694911,0.370601558321,0.986336575461,2.98362125366,0.0,0.0,0.0
734,3.68231976951,2.37232666571,23.6906740019,1.00430457481,0.387076328427,46.7117052201,0.162150449146,0.369281825072,0.986913055842,2.98732475731,0.0,0.0,0.0
735,3.68476331598,2.36863791487,23.7447062167,1.0031707934,0.386474460172,46.6958593662,0.15863595173,0.367961782865,0.987475667191,2.99100535777,1.0,615.887145497,-1.47744366295
736,3.68721516616,2.36493317489,23.7990182402,1.00204391918,0.388237283546,46.6798896343,0.155131014121,0.37093961514,0.988017568158,2.99375417975,1.0,615.902861929,-1.36021203526
737,3.68967552879,2.36121220407,23.8536146985,1.00092391211,0.387626433482,46.6637939673,0.151635449459,0.369594519638,0.988552828493,2.99741234055,1.0,615.895794182,-1.26704921745
738,3.69214461559,2.35747475659,23.9085003067,0.999810733793,0.387012878539,46.6475702626,0.148149072632,0.368249024396,0.989074580564,3.00104797656,1.0,615.888672598,-1.19620420141
739,3.69462264132,2.35372058245,23.9636798691,0.99870434753,0.388752654332,46.6312163711,0.14467170034,0.371175195418,0.989576840673,3.00382015173,1.0,615.904094496,-1.14986827804
740,3.6971098238,2.34994942756,24.0191582806,0.997604718329,0.388129790913,46.6147300965,0.141203151155,0.369804154706,0.990071951217,3.00743358363,1.0,615.896899088,-1.09568851937
741,3.69960638394,2.34616103375,24.0749405266,0.996511812962,0.387504080222,46.5981091944,0.13774324559,0.368432618379,0.99055388901,3.01102483328,1.0,615.889647413,-1.04694012048
742,3.70211254573,2.34235513875,24.1310316836,0.995425600006,0.389220178778,46.5813513716,0.134291806162,0.371304962164,0.991017454098,3.01381947916,1.0,615.904772772,-1.01172024209
743,3.70462853633,2.33853147629,24.1874369203,0.994346049873,0.388584815446,46.5644542852,0.130848657458,0.369907377468,0.991473409414,3.01738870123,1.0,615.897442675,-0.969314121136
744,3.70715458604,2.33468977607,24.2441614978,0.993273134857,0.38794645485,46.5474155417,0.127413626202,0.368509197102,0.991916503269,3.02093604448,1.0,615.89005373,-0.929580600884
745,3.70969092835,2.33082976384,24.3012107702,0.992206829175,0.389638214336,46.5302326962,0.123986541322,0.371325505669,0.992342252996,3.02375222214,1.0,615.904880107,-0.899505870373
746,3.71223779997,2.32695116139,24.3585901854,0.991147109001,0.388989839352,46.5129032515,0.120567234019,0.369900765482,0.992759974907,3.0272776475,1.0,615.897407864,-0.863298624615
747,3.71479544083,2.32305368662,24.4163052853,0.990093952515,0.388338309536,46.4954246571,0.117155537833,0.368475326409,0.993165123552,3.03078145508,1.0,615.889874038,-0.82873916806
748,3.71736409416,2.31913705356,24.4743617068,0.989047339939,0.390005035587,46.4777943086,0.113751288716,0.371233354053,0.993553873315,3.03361815411,1.0,615.904398543,-0.801698609066
749,3.71994400644,2.31520097241,24.5327651823,0.988007253583,0.389343112031,46.4600095461,0.110354325097,0.369780837626,0.993934214155,3.03710007878,1.0,615.896776255,-0.769433296598
750,3.72253542752,2.3112451496,24.5915215399,0.986973677885,0.388677868556,46.442067654,0.106964487957,0.368327517065,0.994302248062,3.04056060106,1.0,615.889089484,-0.738305977497
751,3.72513861055,2.30726928781,24.6506367045,0.985946599454,0.390318834021,46.4239658597,0.103581620898,0.37102498536,0.994654751256,3.04341672457,1.0,615.903308771,-0.713269339791
752,3.72775381209,2.30327308604,24.710116698,0.984926007114,0.389642799887,46.4057013322,0.100205570213,0.369544066614,0.99499849745,3.04685531635,1.0,615.895528076,-0.683768902202
753,3.7303812921,2.29925623962,24.7699676401,0.983911891947,0.391264831107,46.387271182,0.0968361849631,0.372205828903,0.995327352198,3.04973053474,1.0,615.909468444,-0.659636460254
754,3.73302131395,2.29521844033,24.8301957485,0.982904247337,0.390577718115,46.3686724591,0.0934733170446,0.370696841252,0.995647133164,3.05314702176,1.0,615.901590083,-0.631483231387
755,3.73567414451,2.29115937638,24.8908073402,0.981903069015,0.389886986512,46.3499021526,0.0901168212664,0.369186893121,0.99595500914,3.05654230906,1.0,615.893642142,-0.604041452353
756,3.7383400541,2.28707873252,24.9518088311,0.980908355102,0.391481950745,46.3309571893,0.0867665554231,0.371783878656,0.996248723388,3.05943475341,1.0,615.907271911,-0.581062861154
757,3.74101931659,2.28297619005,25.0132067375,0.979920106156,0.390779713747,46.3118344327,0.0834223803689,0.370245342346,0.996533086477,3.06280773532,1.0,615.899220325,-0.554653881331
758,3.7437122094,2.27885142694,25.0750076758,0.978938325217,0.392354805767,46.2925306819,0.0800841600935,0.372803198809,0.996803806571,3.06571747217,1.0,615.912569638,-0.532206811708
759,3.74641901351,2.27470411785,25.137218364,0.977963017851,0.391640754552,46.2730426705,0.0767517617974,0.371235607592,0.99706493659,3.06906786824,1.0,615.904410323,-0.506683864046
760,3.74914001354,2.27053393419,25.1998456211,0.976994192199,0.390922764973,46.2533670652,0.0734250559683,0.369666905212,0.997314511814,3.07239711921,1.0,615.896175841,-0.481651275824
761,3.75187549773,2.26634054424,25.2628963689,0.976031859022,0.392469389063,46.2335004647,0.0701039164578,0.372155698177,0.99755105385,3.07532154097,1.0,615.909207741,-0.459918364107
762,3.754625758,2.26212361317,25.3263776315,0.975076031748,0.391739129728,46.2134393989,0.0667882205581,0.370557433942,0.997777788669,3.07862782984,1.0,615.900859001,-0.435593672819
763,3.75739108999,2.25788280313,25.3902965363,0.974126726519,0.393264878137,46.1931803268,0.0634778490806,0.373003614225,0.997991906328,3.08156749652,1.0,615.913607848,-0.41418153312
764,3.76017179307,2.25361777335,25.4546603148,0.973183962241,0.392522020097,46.1727196362,0.060172686433,0.371375333754,0.998196043468,3.0848504209,1.0,615.905140398,-0.390475782393
765,3.76296817038,2.24932818019,25.5194763026,0.972247760627,0.394026463503,46.1520536415,0.0568726206986,0.373777350653,0.998387937307,3.08780438164,1.0,615.917605566,-0.369325697496
766,3.76578052887,2.24501367723,25.5847519403,0.971318146251,0.393270669692,46.131178583,0.0535775437148,0.372118607159,0.998569706359,3.0910634865,1.0,615.909014806,-0.34616349065
767,3.76860917934,2.24067391539,25.6504947737,0.970395146594,0.392510451151,46.1100906254,0.0502873511526,0.37045857997,0.998740339688,3.09430121787,1.0,615.900340255,-0.323320975548
768,3.77145443644,2.23630854295,25.7167124548,0.969478792092,0.393984293353,46.0887858561,0.0470019425962,0.372785257542,0.998899185386,3.09726551601,1.0,615.912476642,-0.302541484921
769,3.77431661876,2.23191720573,25.7834127418,0.968569116187,0.393210644353,46.0672602844,0.0437212216232,0.371094299539,0.999047775496,3.10047876929,1.0,615.903671422,-0.280144849078
770,3.77719604881,2.22749954711,25.8506035001,0.967666155376,0.394662087419,46.0455098394,0.040445095885,0.373373293832,0.999184868313,3.10345488815,1.0,615.915519968,-0.259509267414
771,3.7800930531,2.22305520816,25.9182927025,0.966769949262,0.39387465199,46.0235303688,0.037173477187,0.371650984607,0.999311616995,3.10664306497,1.0,615.906579074,-0.237506391186
772,3.78300796216,2.21858382777,25.9864884296,0.965880540602,0.39530323006,46.0013176377,0.0339062815701,0.373880735459,0.999427124603,3.1096298653,1.0,615.918138476,-0.216978128091
773,3.78594111057,2.21408504271,26.0551988707,0.964997975362,0.394501644734,45.9788673264,0.0306434293918,0.372126668627,0.999532224537,3.11279230607,1.0,615.909056742,-0.195322895753
774,3.78889283701,2.20955848775,26.1244323239,0.964122302761,0.395906881669,45.9561750294,0.0273848454071,0.374305617597,0.999626307519,3.11578858783,1.0,615.92032549,-0.174868798868
775,3.79186348429,2.20500379581,26.1941971969,0.96325357533,0.395090775706,45.9332362534,0.0241304588507,0.372519402898,0.999709943564,3.11892456939,1.0,615.911097578,-0.153519976375
776,3.7948533994,2.20042059802,26.2645020072,0.962391848957,0.396472185302,45.9100464162,0.0208802035184,0.374645996688,0.99978275639,3.12192906864,1.0,615.922073954,-0.133109599414
777,3.79786293355,2.19580852389,26.3353553828,0.961537182942,0.395641180954,45.8866008441,0.0176340178491,0.372827262175,0.999845106946,3.12503780199,1.0,615.912694352,-0.112029938661
778,3.80089244219,2.1911672014,26.4067660626,0.96068964005,0.396998267187,45.8628947711,0.0143918450068,0.37489995623,0.999896799023,3.12804918785,1.0,615.923376425,-0.0916349417302
779,3.8039422851,2.18649625715,26.4787428967,0.959849286559,0.39615197999,45.8389233366,0.0111536329625,0.373048350532,0.999938037465,3.13112981593,1.0,615.913839443,-0.0707904524724
780,3.80701282638,2.18179531648,26.5512948471,0.959016192318,0.397484237297,45.8146815839,0.00791933457681,0.375065612833,0.999968754269,3.13414668762,1.0,615.924225069,-0.0503840981966
781,3.81010443451,2.17706400361,26.624430988,0.958190430796,0.396622276394,45.7901644579,0.00468890768138,0.373180807497,0.999989050468,3.13719828326,1.0,615.914524831,-0.0297434447565
782,3.81321748243,2.17230194179,26.6981605061,0.957372079134,0.39792918999,45.7653668038,0.00146231516158,0.37514112252,0.999998934763,3.14021916729,1.0,615.924611649,-0.00930016285299
783,3.81635234753,2.1675087534,26.7724927015,0.956561218204,0.397051158484,45.7402833648,-0.0017604749617,0.373222814411,0.999998456681,3.14324073123,1.0,615.91474209,-0.011165846407
784,3.81950941174,2.16268406017,26.8474369876,0.955757932656,0.398332204723,45.7149087802,-0.00497948944998,0.375124687261,0.999987649819,3.1462640787,1.0,615.924527521,-0.0316708473572
785,3.82268906156,2.15782748327,26.9230028917,0.954962310975,0.397437700068,45.6892375834,-0.00819474976536,0.373172601024,0.999966565194,3.14925453774,1.0,615.914482381,-0.0519897024102
786,3.82589168809,2.15293864349,26.9992000554,0.954174445534,0.398692346833,45.6632641999,-0.0114062719888,0.375014561721,0.999935208515,3.15227872175,1.0,615.923963619,-0.0725807932703
787,3.82911768714,2.14801716141,27.0760382352,0.95339443265,0.397780961262,45.636982945,-0.0146140667385,0.373028452292,0.999893686627,3.15523692712,1.0,615.913736439,-0.0927786762361
788,3.8323674592,2.14306265755,27.1535273023,0.952622372633,0.399008668405,45.610388022,-0.0178181390887,0.374809060203,0.99984192294,3.15826024036,1.0,615.922910454,-0.113480150563
789,3.83564140956,2.13807475253,27.2316772435,0.951858369848,0.398079989394,45.5834735194,-0.0210184884886,0.372788715354,0.999780136468,3.16118496617,1.0,615.912494566,-0.133582297213
790,3.83893994833,2.13305306729,27.3104981615,0.951102532762,0.399280209219,45.5562334094,-0.0242151086814,0.374506563758,0.999708111639,3.16420561869,1.0,615.921358098,-0.154418713069
791,3.84226349048,2.1279972232,27.3900002749,0.950354974004,0.400463947329,45.5286615449,-0.0274079876241,0.376193831927,0.999625988122,3.167231976,1.0,615.929984924,-0.175386766005
792,3.84561245596,2.12290684231,27.4701939187,0.949615810419,0.399505997772,45.5007516574,-0.0305971074071,0.374105527448,0.999534103234,3.17011167778,1.0,615.919296178,-0.195446290116
793,3.84898726965,2.11778154749,27.5510895447,0.948885163119,0.400661379268,45.4724973547,-0.0337824441748,0.375727549319,0.999431940926,3.17313239587,1.0,615.927608629,-0.216587884344
794,3.85238836154,2.11262096264,27.6326977218,0.948163157544,0.399685052405,45.4438921184,-0.036963968046,0.373604487708,0.999320240247,3.17597507255,1.0,615.916713862,-0.236613425573
795,3.8558161667,2.1074247129,27.715029136,0.947449923513,0.40081151237,45.414929301,-0.0401416430353,0.375159960239,0.999198200077,3.1789881446,1.0,615.924708067,-0.25795569623
796,3.85948616953,2.10186692988,27.8032674438,0.946702236796,0.401858447454,45.38377226,-0.0435120109519,0.376546001117,0.999057780941,3.18217782982,1.0,615.931775761,-0.280711484207
797,3.86322553609,2.09621029446,27.8932667068,0.945957233902,0.40077694859,45.3518692433,-0.0469125056195,0.374194027745,0.998905365628,3.18517003798,1.0,615.919751581,-0.302248446607
798,3.8669821343,2.09053410746,27.9837732957,0.945225741361,0.401784338363,45.3196596537,-0.050294841434,0.375489619814,0.998741686029,3.18836249889,1.0,615.926393802,-0.325394831275
799,3.87075623892,2.08483826827,28.0747929344,0.944507793009,0.40277656773,45.2871390314,-0.0536590923384,0.376754623686,0.998567567401,3.19154203919,1.0,615.932835058,-0.348661492052
800,3.87454813189,2.07912267073,28.1663315128,0.943803424522,0.40167235319,45.254302801,-0.0570053322807,0.374356802692,0.998384291315,3.1944340121,1.0,615.920588622,-0.370061325754
801,3.87835810243,2.07338720304,28.2583950904,0.943112673505,0.402639762533,45.2211462686,-0.06033363512,0.375563477154,0.998189944189,3.19757127134,1.0,615.92677107,-0.393476050442
802,3.88218644723,2.06763174777,28.3509898998,0.942435579578,0.403591787977,45.1876646178,-0.0636440745302,0.37673865511,0.997985695863,3.20069420966,1.0,615.932754018,-0.417047089908
803,3.88603347058,2.06185618177,28.4441223502,0.941772184474,0.402464425243,45.1538529066,-0.0669367239012,0.374295842348,0.997773271418,3.20348439033,1.0,615.92027523,-0.438397161021
804,3.8898994846,2.05606037614,28.5377990306,0.941122532123,0.40339123032,45.1197060636,-0.0702116562372,0.375412017104,0.997549876502,3.20656291309,1.0,615.925997243,-0.462187901212
805,3.89378480932,2.05024419622,28.6320267133,0.940486668757,0.40430241443,45.0852188846,-0.0734689440521,0.376495824158,0.997317105565,3.20962572247,1.0,615.931520808,-0.48617789667
806,3.89768977292,2.04440750155,28.7268123576,0.939864643001,0.4031514346,45.0503860288,-0.0767086592631,0.374008910882,0.997077213379,3.21231254597,1.0,615.918798763,-0.507575749469
807,3.90161471185,2.03855014584,28.8221631133,0.939256505978,0.404036971201,45.0152020145,-0.0799308730799,0.375033102608,0.996826354494,3.21532880778,1.0,615.924058582,-0.531870687002
808,3.90555997106,2.03267197696,28.918086324,0.938662311405,0.404906635396,44.9796612159,-0.0831356558926,0.376024094534,0.996566633097,3.21832796597,1.0,615.929120582,-0.556417958877
809,3.90952590413,2.02677283691,29.0145895307,0.938082115704,0.405760333055,44.9437578585,-0.086323077155,0.37698147934,0.996298216626,3.2213094855,1.0,615.933985603,-0.581240161695
810,3.91351287345,2.02085256185,29.1116804754,0.937515978101,0.404575092802,44.907486015,-0.0894932052668,0.374424833069,0.996024155424,3.22386031543,1.0,615.92093824,-0.602935856131
811,3.91752125046,2.01491098207,29.2093671049,0.936963960741,0.405402515244,44.8708396012,-0.0926461074509,0.37532167011,0.995739024934,3.2267922884,1.0,615.925535351,-0.628214380146
812,3.92155141574,2.00894792199,29.3076575739,0.936426128794,0.406213699268,44.8338123716,-0.0957818496285,0.376184124454,0.995445699272,3.22970522717,1.0,615.929935512,-0.653843490868
813,3.9256037593,2.00296320022,29.406560249,0.935902550572,0.407008543508,44.7963979149,-0.0989004962914,0.377011809275,0.995144341566,3.23259859406,1.0,615.934139323,-0.679856927215
814,3.92967868069,1.99695662951,29.5060837118,0.935393297641,0.407786944678,44.7585896493,-0.10200211037,0.377804343216,0.994835113971,3.23547185036,1.0,615.938147313,-0.706292819913
815,3.93377658924,1.99092801683,29.6062367631,0.934898444941,0.406555876624,44.7203808178,-0.105086753099,0.375153339749,0.994522225654,3.23785073413,1.0,615.924674182,-0.728834668084
816,3.93789790422,1.98487716339,29.7070284259,0.934418070905,0.407307130932,44.6817644837,-0.108154483878,0.375884194247,0.994197955869,3.24067053496,1.0,615.92840759,-0.756028792194
817,3.94204305509,1.97880386466,29.8084679493,0.933952257583,0.408041643062,44.6427335252,-0.111205360133,0.376579201806,0.993866303346,3.24346880853,1.0,615.931944419,-0.783779853831
818,3.94621248163,1.97270791044,29.9105648121,0.933501090766,0.408759302056,44.6032806304,-0.114239437169,0.377238005034,0.993527427321,3.24624500885,1.0,615.935284956,-0.812152144932
819,3.95040663422,1.96658908493,30.0133287258,0.933064660116,0.409459994947,44.5633982925,-0.117256768022,0.377860253133,0.993181486442,3.24899858768,1.0,615.938429423,-0.841221286151
820,3.95462597399,1.96044716676,30.116769639,0.932643059291,0.40818119717,44.5230788038,-0.120257403307,0.375117463192,0.992834101033,3.25119929503,1.0,615.92449054,-0.865444651591
821,3.95887097304,1.9542819291,30.2208977403,0.932236386082,0.408853782243,44.4823142508,-0.123241391064,0.375677143148,0.992474763085,3.25389540129,1.0,615.927351393,-0.895861901397
822,3.96314211467,1.9480931397,30.3257234617,0.931844742549,0.409509073684,44.4410965083,-0.126208776598,0.376199662032,0.992108841257,3.25656743159,1.0,615.930014598,-0.927268224077
823,3.9674398936,1.94188056104,30.4312574827,0.931468235155,0.410146950596,44.3994172338,-0.129159602315,0.37668469686,0.991736493208,3.25921482587,1.0,615.93248013,-0.95981908952
824,3.97176481615,1.93564395038,30.5375107331,0.93110697491,0.41076729003,44.3572678614,-0.132093907557,0.377131932465,0.99135787654,3.26183702063,1.0,615.934747893,-0.993711104387
825,3.97611740049,1.92938305991,30.6444943968,0.930761077512,0.411369966981,44.3146395959,-0.135011728431,0.377541061792,0.990973148924,3.26443344876,1.0,615.936817719,-1.02919896293
826,3.98049817685,1.92309763685,30.7522199147,0.930430663494,0.411954854387,44.2715234065,-0.137913097636,0.377911786208,0.990582468221,3.26700353924,1.0,615.938689376,-1.06662253826
827,3.98490768778,1.9167874236,30.8606989886,0.930115858373,0.412521823135,44.2279100207,-0.140798044284,0.3782438158,0.99018599262,3.26954671697,1.0,615.940362556,-1.10645266841
828,3.9893464883,1.91045215785,30.9699435842,0.9298167928,0.411158377554,44.1837899174,-0.143666593719,0.375337260325,0.989792013147,3.27145387626,1.0,615.925615071,-1.13922004286
829,3.99381514624,1.90409157279,31.0799659341,0.929533602715,0.411695480435,44.1391533204,-0.146518767329,0.375605558951,0.989384765769,3.27393255439,1.0,615.92698596,-1.18495697203
830,3.99831424236,1.89770539724,31.1907785412,0.929266429503,0.412214290717,44.0939901918,-0.149354582363,0.375834733014,0.988972212312,3.27638277228,1.0,615.928155387,-1.23607873065
831,4.00284437069,1.89129335583,31.3023941819,0.929015420156,0.412714671461,44.0482902245,-0.152174051728,0.376024527836,0.98855451418,3.27880393629,1.0,615.92912279,-1.29557338392
832,4.0074061387,1.8848551692,31.4148259087,0.928780727431,0.413196483751,44.0020428355,-0.154977183801,0.376174698866,0.988131833863,3.2811954477,1.0,615.929887533,-1.3707823774
833,4.01200016757,1.87839055422,31.5280870536,0.928562510021,0.413659586721,43.955237158,-0.157763982221,0.376285012008,0.987704335113,3.28355670257,1.0,615.930448911,-1.50145688903
834,4.01662709244,1.87189922417,31.6421912307,0.928360932718,0.414103837578,43.9078620344,-0.160534445687,0.376355243964,0.98727218312,3.28588709154,0.0,0.0,0.0
835,4.02128756263,1.865380889,31.7571523388,0.928176166586,0.414529091641,43.8599060082,-0.163288567747,0.376385182566,0.986835544688,3.28818599966,0.0,0.0,0.0
836,4.02598224194,1.85883525555,31.8729845644,0.928008389136,0.414935202376,43.811357316,-0.166026336586,0.376374627126,0.986394588428,3.29045280628,0.0,0.0,0.0
837,4.03071180885,1.85226202785,31.9897023844,0.927857784501,0.415322021438,43.7622038798,-0.168747734809,0.376323388776,0.985949484948,3.29268688491,0.0,0.0,0.0
838,4.0354800464,1.84565663445,32.1073968339,0.927724463206,0.41568843636,43.712400948,-0.171454481131,0.376229263011,0.985500123698,3.29488856881,0.0,0.0,0.0
839,4.04028797161,1.83901839249,32.2260906258,0.927608652162,0.416034196064,43.6619320564,-0.17414664641,0.376091885298,0.985046651857,3.29705721111,0.0,0.0,0.0
840,4.04513071306,1.8323547343,32.3456609809,0.927510698046,0.416360890735,43.6108427693,-0.176821048388,0.375914778637,0.984589761153,3.29919042929,0.0,0.0,0.0
841,4.05000880854,1.82566560197,32.4661185391,0.927430790664,0.416668430833,43.5591221554,-0.179477586744,0.375697936863,0.98412965088,3.30128758811,0.0,0.0,0.0
842,4.05492280953,1.81895093457,32.5874741899,0.927369124479,0.416956725888,43.5067589973,-0.182116158985,0.375441366639,0.983666522741,3.30334805372,0.0,0.0,0.0
843,4.05987328161,1.81221066806,32.7097390785,0.927325898786,0.417225684477,43.4537417821,-0.184736660313,0.375145087433,0.983200580957,3.30537119364,0.0,0.0,0.0
844,4.06486080482,1.80544473532,32.832924612,0.927301317892,0.419282466186,43.4000586916,-0.187338983476,0.37773265101,0.982716878172,3.30808324951,0.0,0.0,0.0
845,4.06988597054,1.79865307097,32.9570423766,0.927295591298,0.41950567633,43.3456976316,-0.189923016777,0.377336955409,0.982245365702,3.31003548317,0.0,0.0,0.0
846,4.07494931764,1.79183569755,33.0821025583,0.927308933531,0.419709267605,43.2906469224,-0.192488611763,0.376901446805,0.981771658336,3.31194827474,0.0,0.0,0.0
847,4.08005141422,1.78499261498,33.2081159564,0.927341563744,0.419893162788,43.2348944169,-0.195035625851,0.376426240486,0.981295976406,3.31382098675,0.0,0.0,0.0
848,4.08519285525,1.77812380459,33.3350939217,0.927393706145,0.420057280262,43.1784275164,-0.19756392028,0.375911457088,0.98081854231,3.31565298771,0.0,0.0,0.0
849,4.09037424787,1.7712292495,33.4630479885,0.927465590177,0.420201538763,43.1212333245,-0.200073352232,0.375357232464,0.980339581994,3.31744364856,0.0,0.0,0.0
850,4.09559621172,1.76430893474,33.5919898778,0.927557450657,0.42032585741,43.0632986388,-0.202563774727,0.374763717628,0.979859325067,3.31919234283,0.0,0.0,0.0
851,4.1008593792,1.75736284726,33.7219315,0.92766952791,0.422189277693,43.004609942,-0.205035036504,0.37692622813,0.979359085296,3.32166039404,0.0,0.0,0.0
852,4.10616439588,1.75039097613,33.8528849582,0.927802067924,0.42226649681,42.9451533924,-0.207486981913,0.376232381361,0.978876254625,3.32332745036,0.0,0.0,0.0
853,4.11151192076,1.74339331254,33.9848625506,0.927955322491,0.422323510202,42.8849148154,-0.209919450795,0.375499554708,0.978392820685,3.32495046659,0.0,0.0,0.0
854,4.11690262666,1.73636984992,34.1178767742,0.928129549367,0.422360238821,42.8238796932,-0.21233227836,0.374727967401,0.977909028781,3.32652882852,0.0,0.0,0.0
855,4.12233720057,1.72932058409,34.251940327,0.928325012426,0.422376604168,42.7620331548,-0.214725295059,0.373917853434,0.977425128473,3.32806192566,0.0,0.0,0.0
856,4.127816344,1.72224551331,34.3870661119,0.928541981829,0.424096497803,42.6993599662,-0.217098326458,0.375767875346,0.976919439774,3.3303298303,0.0,0.0,0.0
857,4.13334077337,1.71514463841,34.5232672387,0.928780734185,0.424064795507,42.6358445193,-0.219451193103,0.374857820731,0.976435315144,3.33177368596,0.0,0.0,0.0
858,4.13891122041,1.70801796289,34.6605570279,0.929041552735,0.424012472288,42.5714708207,-0.221783710385,0.373909839543,0.975951838337,3.3331702572,0.0,0.0,0.0
859,4.14452843254,1.70086549309,34.7989490133,0.929324727521,0.423939452243,42.506222481,-0.224095688398,0.372924232279,0.975469277066,3.33451895073,0.0,0.0,0.0
860,4.15019317329,1.69368723824,34.9384569451,0.929630555575,0.42554104284,42.4400827025,-0.226386931789,0.374519804083,0.974963372134,3.33661103439,0.0,0.0,0.0
861,4.15590622275,1.68648321065,35.0790947927,0.929959341111,0.425419193268,42.373034267,-0.228657239617,0.37343524857,0.974482618108,3.33786446589,0.0,0.0,0.0
862,4.16166837795,1.6792534258,35.2208767477,0.930311395715,0.425276398111,42.3050595234,-0.23090640519,0.372313900177,0.97400359307,3.33906805787,0.0,0.0,0.0
863,4.16748045337,1.67199790254,35.3638172267,0.930687038553,0.426786256377,42.236140375,-0.233134215908,0.373715199732,0.97350007765,3.34101925687,0.0,0.0,0.0
864,4.17334328139,1.66471666316,35.5079308745,0.931086596577,0.426594064798,42.1662582652,-0.235340453108,0.372495989347,0.973024478818,3.34212307579,0.0,0.0,0.0
865,4.17925771272,1.65740973358,35.6532325666,0.931510404737,0.426380687175,42.0953941644,-0.237524891882,0.371240996953,0.97255146927,3.34317514703,0.0,0.0,0.0
866,4.18522461696,1.65007714354,35.7997374117,0.931958806207,0.427797782904,42.0235285552,-0.239687300909,0.372447416407,0.972052716265,3.34497718354,0.0,0.0,0.0
867,4.19124488308,1.6427189267,35.9474607549,0.932432152608,0.427534460341,41.9506414176,-0.241827442278,0.371096089392,0.97158484911,3.34592508678,0.0,0.0,0.0
868,4.19731941992,1.63533512088,36.09641818,0.932930804247,0.428886693288,41.8767122138,-0.243945071301,0.372168537613,0.971090548911,3.34762344403,0.0,0.0,0.0
869,4.20344915676,1.62792576819,36.2466255117,0.933455130356,0.428573055007,41.8017198721,-0.246039936316,0.370721977772,0.970629014231,3.34846418249,0.0,0.0,0.0
870,4.20963504388,1.62049091521,36.3980988191,0.934005509346,0.429859957392,41.7256427702,-0.248111778514,0.371660231866,0.970140313836,3.35005504592,0.0,0.0,0.0
871,4.21587805309,1.61303061324,36.5508544167,0.934582329061,0.429495643662,41.6484587185,-0.250160331708,0.370119759493,0.969686350346,3.35078569156,0.0,0.0,0.0
872,4.22217917836,1.60554491845,36.7049088673,0.935185987046,0.429109607725,41.5701449427,-0.252185322144,0.368546490124,0.969237171232,3.35146026328,0.0,0.0,0.0
873,4.22853943639,1.59803389213,36.8602789837,0.935816890817,0.430301423283,41.4906780648,-0.254186468281,0.36929105055,0.968759343584,3.35288302091,0.0,0.0,0.0
874,4.23495986726,1.59049760088,37.0169818306,0.936475458147,0.429864221331,41.4100340853,-0.25616348057,0.367626430495,0.968319704888,3.35344346806,0.0,0.0,0.0
875,4.24144153508,1.58293611685,37.1750347269,0.937162117358,0.430989618261,41.3281883625,-0.258116061235,0.368237981209,0.967850584694,3.35474974464,0.0,0.0,0.0
876,4.24798552863,1.575349518,37.3344552462,0.937877307617,0.432077850627,41.245115593,-0.260043904027,0.368775348106,0.967386076858,3.35599601014,0.0,0.0,0.0
877,4.25459296204,1.56773788831,37.4952612187,0.938621479248,0.431559483606,41.1607897911,-0.261946693994,0.366963189195,0.966962772637,3.35637962321,0.0,0.0,0.0
878,4.2612649755,1.56010131808,37.657470732,0.939395094049,0.432580650582,41.0751842663,-0.263824107226,0.367368497203,0.966508975462,3.35750395476,0.0,0.0,0.0
879,4.26800273601,1.55243990417,37.821102132,0.940198625622,0.432010308486,40.9882716017,-0.265675810608,0.36546981057,0.966098717433,3.35776662431,0.0,0.0,0.0
880,4.27480743807,1.54475375034,37.9861740228,0.941032559711,0.432964018918,40.9000236306,-0.267501461548,0.365744339394,0.965657049872,3.35876566652,0.0,0.0,0.0
881,4.2816803045,1.53704296744,38.1527052685,0.941897394557,0.43388000161,40.8104114122,-0.269300707722,0.36594513679,0.965221721394,3.35969987235,0.0,0.0,0.0
882,4.28862258719,1.52930767383,38.3207149909,0.942793641245,0.433227303782,40.7194052073,-0.271073186783,0.3639067867,0.964833282429,3.35977546765,0.0,0.0,0.0
883,4.29563556793,1.52154799565,38.4902225701,0.943721824088,0.43407525879,40.6269744525,-0.272818526081,0.363978951814,0.964412309553,3.36057937907,0.0,0.0,0.0
884,4.30272055926,1.51376406715,38.6612476432,0.944682481001,0.433369897867,40.5330877338,-0.274536342373,0.361860217543,0.964040769862,3.36052794745,0.0,0.0,0.0
885,4.30987890529,1.50595603106,38.8338101032,0.945676163898,0.434149491188,40.4377127587,-0.276226241516,0.361805766741,0.963635721827,3.36119854711,0.0,0.0,0.0
886,4.31711198262,1.49812403897,39.0079300961,0.946703439096,0.434890866905,40.3408163285,-0.27788781816,0.361679155468,0.963238933798,3.36179991295,0.0,0.0,0.0
887,4.32442120126,1.49026825163,39.1836280203,0.947764887737,0.435593928128,40.242364308,-0.279520655441,0.361480686949,0.962850808405,3.36233114385,0.0,0.0,0.0
888,4.33180800554,1.48238883946,39.3609245212,0.948861106213,0.434774709388,40.142321596,-0.281124324635,0.359180736745,0.962516819414,3.36201604456,0.0,0.0,0.0
889,4.33927387508,1.47448598289,39.5398404891,0.94999270661,0.435408778436,40.0406520934,-0.282698384837,0.358860027085,0.962147915785,3.36240800987,0.0,0.0,0.0
890,4.34682032577,1.46655987284,39.7203970542,0.951160317165,0.436004291216,39.937318671,-0.284242382616,0.35846899869,0.961788943853,3.3627274875,0.0,0.0,0.0
891,4.35444891082,1.45861071113,39.9026155812,0.952364582737,0.436561168473,39.8322831354,-0.285755851658,0.358008151724,0.96144033874,3.36297367615,0.0,0.0,0.0
892,4.36216122177,1.45063871099,40.0865176637,0.953606165282,0.435627245214,39.7255061951,-0.287238312407,0.355539449375,0.961150843448,3.36238624441,0.0,0.0,0.0
893,4.36995888963,1.44264409751,40.2721251182,0.954885744367,0.436114636741,39.6169474231,-0.288689271712,0.354961960497,0.960824996279,3.36248799702,0.0,0.0,0.0
894,4.37784358591,1.43462710819,40.4594599742,0.95620401766,0.436563208742,39.5065652214,-0.290108222419,0.354316707115,0.960510875946,3.3625144336,0.0,0.0,0.0
895,4.38581702378,1.42658799349,40.6485444672,0.957561701468,0.436972903541,39.3943167819,-0.291494643008,0.353604375307,0.960208947673,3.36246487283,0.0,0.0,0.0
896,4.39388095923,1.41852701734,40.8394010275,0.958959531273,0.437343669629,39.2801580464,-0.292847997191,0.352825699425,0.959919683834,3.36233866714,0.0,0.0,0.0
897,4.40203719227,1.41044445782,41.0320522696,0.96039826228,0.43767546199,39.1640436669,-0.294167733503,0.35198146119,0.959643563623,3.36213520423,0.0,0.0,0.0
898,4.4102875682,1.40234060761,41.2265209805,0.961878670008,0.437968242406,39.0459269611,-0.295453284909,0.351072488681,0.959381072667,3.36185390859,0.0,0.0,0.0
899,4.41863397876,1.39421577479,41.4228301043,0.963401550844,0.436826368461,38.9257598712,-0.296704068364,0.348321525446,0.959186413448,3.36076999082,0.0,0.0,0.0
900,4.42707836351,1.38607028345,41.6210027274,0.964967722664,0.437049193048,38.8034929176,-0.297919484399,0.347308250631,0.958953361074,3.36033727992,0.0,0.0,0.0
901,4.43562271109,1.37790447435,41.8210620616,0.966578025438,0.43723295588,38.6790751526,-0.299098916683,0.346233132489,0.958735425869,3.35982543968,0.0,0.0,0.0
902,4.44426906055,1.36971870572,42.0230314246,0.968233321857,0.437377649318,38.5524541127,-0.300241731583,0.345097158259,0.958533112587,3.35923405661,0.0,0.0,0.0
903,4.45301950283,1.36151335392,42.2269342215,0.969934497995,0.437483274413,38.4235757683,-0.30134727773,0.343901356,0.958346929548,3.3585627624,0.0,0.0,0.0
904,4.46187618204,1.35328881434,42.4327939188,0.971682463945,0.437549841389,38.2923844746,-0.30241488555,0.342646793431,0.958177387878,3.35781123576,0.0,0.0,0.0
905,4.47084129694,1.34504550215,42.6406340214,0.973478154505,0.437577370072,38.1588229177,-0.303443866818,0.341334576637,0.958025000675,3.35697920424,0.0,0.0,0.0
906,4.47991710242,1.33678385321,42.8504780446,0.975322529868,0.43756589038,38.0228320614,-0.304433514202,0.339965848798,0.957890282102,3.35606644618,0.0,0.0,0.0
907,4.48910591094,1.32850432497,43.062349484,0.977216576316,0.437515442835,37.884351092,-0.305383100793,0.338541788893,0.957773746398,3.35507279265,0.0,0.0,0.0
908,4.49841009413,1.32020739733,43.2762717845,0.979161306958,0.43742607906,37.7433173598,-0.306291879656,0.337063610326,0.957675906813,3.35399812939,0.0,0.0,0.0
909,4.50783208421,1.31189357376,43.492268302,0.981157762429,0.437297862374,37.5996663228,-0.307159083356,0.33553255966,0.957597274446,3.35284239892,0.0,0.0,0.0
910,4.51737437565,1.30356338221,43.710362266,0.983207011656,0.437130868347,37.4533314854,-0.307983923501,0.333949915216,0.95753835701,3.35160560254,0.0,0.0,0.0
911,4.52703952669,1.29521737626,43.9305767373,0.985310152601,0.436925185409,37.3042443369,-0.308765590292,0.332316985733,0.957499657496,3.35028780242,0.0,0.0,0.0
912,4.53683016092,1.2868561362,44.1529345614,0.987468313021,0.436680915498,37.1523342896,-0.309503252063,0.330635109023,0.957481672746,3.34888912379,0.0,0.0,0.0
913,4.54674896904,1.27848027015,44.3774583211,0.989682651269,0.436398174691,36.9975286115,-0.310196054853,0.328905650552,0.957484891939,3.347409757,0.0,0.0,0.0
914,4.55679871028,1.27009041535,44.6041702786,0.99195435704,0.437348455714,36.8397523642,-0.310843121961,0.328563005882,0.957446706153,3.34646761315,0.0,0.0,0.0
915,4.56698221416,1.26168723944,44.8330923196,0.994284652179,0.436980769978,36.6789283331,-0.311443553536,0.326719585583,0.95749329979,3.34481924032,0.0,0.0,0.0
916,4.5773023821,1.25327144169,45.0642458893,0.996674791474,0.436575041098,36.5149769599,-0.31199642618,0.324832912258,0.957562534409,3.34309101064,0.0,0.0,0.0
917,4.58776218902,1.24484375449,45.2976519224,0.999126063438,0.436131449858,36.3478162734,-0.312500792565,0.322904461414,0.957654853511,3.34128340112,0.0,0.0,0.0
918,4.5983646851,1.23640494465,45.5333307732,1.00163979115,0.435650195033,36.1773618164,-0.312955681088,0.320935729281,0.95777068385,3.33939696516,0.0,0.0,0.0
919,4.60911299722,1.22795581502,45.7713021299,1.00421733298,0.435131494322,36.0035265773,-0.313360095542,0.318928231647,0.957910433297,3.33743233492,0.0,0.0,0.0
920,4.62001033066,1.21949720603,46.0115849317,1.00686008345,0.434575585227,35.8262209159,-0.313713014835,0.316883502566,0.958074488622,3.33539022351,0.0,0.0,0.0
921,4.63105997063,1.21102999728,46.2541972738,1.00956947394,0.433982726034,35.6453524911,-0.314013392741,0.31480309319,0.958263213163,3.33327142731,0.0,0.0,0.0
922,4.64226528393,1.20255510917,46.4991563103,1.01234697355,0.434556955628,35.4608261854,-0.314260157715,0.313943572449,0.958411463386,3.33162273244,0.0,0.0,0.0
923,4.65362972024,1.19407350481,46.7464781417,1.01519408977,0.433882569064,35.2725440342,-0.314452212743,0.311774363792,0.958650354595,3.32934372469,0.0,0.0,0.0
924,4.66515681371,1.18558619174,46.9961777011,1.01811236924,0.433172136357,35.0804051507,-0.314588435271,0.309574392755,0.958914888367,3.32699082705,0.0,0.0,0.0
925,4.6768501842,1.17709422389,47.2482686276,1.02110339845,0.4324260104,34.8843056538,-0.314667677209,0.307345277334,0.959205310973,3.32456519676,0.0,0.0,0.0
926,4.6887135388,1.16859870344,47.5027631358,1.02416880446,0.431644570347,34.684138593,-0.31468876501,0.305088646823,0.959521832128,3.32206808561,0.0,0.0,0.0
927,4.70075067271,1.16010078303,47.7596718659,1.02731025544,0.430828222921,34.479793881,-0.314650499848,0.302806140981,0.959864622114,3.31950084212,0.0,0.0,0.0
928,4.71296547056,1.1516016678,48.0190037329,1.03052946135,0.429977403673,34.2711582219,-0.314551657914,0.300499409103,0.960233808844,3.3168649136,0.0,0.0,0.0
929,4.72536190716,1.14310261764,48.280765758,1.03382817439,0.430236825219,34.0581150455,-0.31439099082,0.299276293732,0.960564204321,3.31463855128,0.0,0.0,0.0
930,4.73794404859,1.13460494936,48.5449628957,1.03720818955,0.429309984993,33.8405444388,-0.314167226151,0.296905240167,0.960986594803,3.31185973268,0.0,0.0,0.0
931,4.7507160525,1.12611003925,48.8115978376,1.04067134495,0.428350169219,33.6183230894,-0.313879068176,0.294515194376,0.961435540937,3.30901711055,0.0,0.0,0.0
932,4.76368216873,1.11761932537,49.0806708131,1.04421952216,0.427357944359,33.3913242256,-0.313525198727,0.292107843355,0.96191097175,3.30611255425,0.0,0.0,0.0
933,4.77684673942,1.10913431021,49.3521793697,1.04785464642,0.426333913144,33.1594175653,-0.313104278287,0.289684879867,0.962412758343,3.30314804171,0.0,0.0,0.0
934,4.7902141992,1.10065656312,49.626118146,1.05157868682,0.425278716174,32.9224692654,-0.312614947283,0.287248001873,0.962940710763,3.30012566111,0.0,0.0,0.0
935,4.80378907454,1.09218772319,49.9024786184,1.05539365615,0.425286314712,32.6803418877,-0.312055827656,0.285785407997,0.963431650779,3.29746180408,0.0,0.0,0.0
936,4.81757598336,1.08372950197,50.181248842,1.05930161086,0.424162401732,32.4328943624,-0.311425524683,0.283306394983,0.964011679265,3.29431979808,0.0,0.0,0.0
937,4.83157963386,1.07528368629,50.4624131681,1.06330465069,0.423009502263,32.1799819677,-0.310722629132,0.280818864886,0.964616970406,3.29112683607,0.0,0.0,0.0
938,4.84580482347,1.06685214113,50.7459519521,1.06740491828,0.42182842821,31.9214563117,-0.309945719746,0.278324537932,0.965247059532,3.28788546966,0.0,0.0,0.0
939,4.86025643664,1.05843681278,51.0318412305,1.07160459839,0.420620038733,31.6571653381,-0.309093366147,0.275825137897,0.965901405854,3.28459836748,0.0,0.0,0.0
940,4.87493944273,1.0500397318,51.3200523896,1.07590591706,0.41938524224,31.3869533349,-0.30816413216,0.273322391995,0.966579389842,3.28126831587,0.0,0.0,0.0
941,4.88985889337,1.04166301611,51.6105518152,1.08031114054,0.418124998452,31.1106609586,-0.30715657961,0.270818030826,0.967280310801,3.27789821957,0.0,0.0,0.0
942,4.90501991875,1.03330887428,51.9033005118,1.08482257383,0.416840320636,30.8281252842,-0.306069272704,0.268313788541,0.968003384627,3.27449110219,0.0,0.0,0.0
943,4.92042772368,1.02497960875,52.1982537107,1.08944255902,0.415532277789,30.5391798657,-0.304900782994,0.265811402937,0.96874774187,3.27105010637,0.0,0.0,0.0
944,4.93608758304,1.01667761897,52.495360458,1.09417347337,0.415219692181,30.2436548167,-0.303649695014,0.264135722902,0.969457040726,3.26789694956,0.0,0.0,0.0
945,4.95200483596,1.0084054049,52.7945631714,1.0990177269,0.413860080025,29.9413769244,-0.302314612708,0.261625427685,0.97024213179,3.26438753754,0.0,0.0,0.0
946,4.96818487965,1.00016557021,53.0957971858,1.10397775967,0.412480699545,29.6321697798,-0.300894166681,0.259122536342,0.971045427121,3.26085443603,0.0,0.0,0.0
947,4.984633162,0.991960825641,53.398990272,1.1090560387,0.411082868592,29.3158539429,-0.299387022413,0.256628805919,0.971865700931,3.25730126954,0.0,0.0,0.0
948,5.00135517363,0.983793992234,53.7040621408,1.1142550544,0.409667972636,28.9922471319,-0.297791889507,0.254145998444,0.97270163754,3.2537317782,0.0,0.0,0.0
949,5.01835643814,0.975668004751,54.010923915,1.1195773164,0.408237467334,28.6611644605,-0.296107532178,0.251675881545,0.973551831926,3.2501498161,0.0,0.0,0.0
950,5.03564250183,0.967585914829,54.3194775918,1.12502534904,0.406792880977,28.3224187027,-0.294332781038,0.249220228964,0.974414790924,3.24655934897,0.0,0.0,0.0
951,5.05321892219,0.959550894019,54.6296154876,1.13060168623,0.405335816947,27.9758205979,-0.292466546348,0.246780821125,0.975288935073,3.24296445132,0.0,0.0,0.0
952,5.07109125443,0.951566237015,54.9412196542,1.13630886555,0.403867956291,27.6211792144,-0.290507833028,0.24435944587,0.976172601155,3.23936930325,0.0,0.0,0.0
953,5.0892650372,0.943635364477,55.2541612901,1.14214942191,0.401446480217,27.2583023502,-0.288455757494,0.2412751751,0.977107506557,3.23555224808,0.0,0.0,0.0
954,5.10774577683,0.93576182567,55.56830014,1.14812588048,0.399970273655,26.8869969862,-0.28630956662,0.238909274589,0.978003379829,3.23197932542,0.0,0.0,0.0
955,5.1265389293,0.927949301184,55.8834838732,1.15424074863,0.398488742758,26.5070698095,-0.284068659179,0.236566501974,0.978903292865,3.22841914891,0.0,0.0,0.0
956,5.14564988116,0.920201605146,56.1995474655,1.16049650743,0.397003899511,26.118327786,-0.281732609955,0.234248681653,0.979805293556,3.22487626463,0.0,0.0,0.0
957,5.16508392866,0.912522687132,56.5163125797,1.16689560217,0.395517845154,25.7205787978,-0.279301196952,0.23195764921,0.98070737162,3.22135529688,1.0,614.738168919,-1.37704033121
958,5.18484625439,0.904916634014,56.8335869378,1.17344043187,0.394032772335,25.3136323628,-0.276774432225,0.229695252269,0.981607466485,3.21786094018,1.0,614.707521418,-1.26531999545
959,5.20494190256,0.897387671167,57.1511637113,1.18013333814,0.392550967021,24.8973004162,-0.274152596706,0.227463351213,0.982503476243,3.21439795006,1.0,614.676688106,-1.18343476304
960,5.22537575238,0.889940163231,57.4688209269,1.186976593,0.390183979222,24.4713981679,-0.271436279675,0.224672887031,0.983425628858,3.21081056043,1.0,614.637274346,-1.11045216506
961,5.24615248859,0.882578614615,57.7863208831,1.19397238561,0.388723317482,24.0357450546,-0.268626423729,0.222519364048,0.984305420866,3.20743341389,1.0,614.606179425,-1.05084971649
962,5.26727657074,0.875307669178,58.1034096088,1.20112280821,0.387273266764,23.5901657616,-0.265724375908,0.220401685588,0.98517468539,3.20410195912,1.0,614.575007924,-0.996681316864
963,5.28875219972,0.868132109447,58.4198163535,1.20842984089,0.384967495694,23.1344913407,-0.262731946209,0.217765470926,0.986058791455,3.20068586588,1.0,614.535354355,-0.94346983215
964,5.31058328287,0.861056854932,58.7352531363,1.21589533561,0.383553858003,22.668560405,-0.259651474604,0.215736034971,0.986898969271,3.1974684489,1.0,614.504165881,-0.896848994177
965,5.33277339594,0.854086960003,59.0494143405,1.22352099879,0.382159033842,22.1922204346,-0.256485908345,0.213747937251,0.987722257851,3.19431109334,1.0,614.47303685,-0.852785184213
966,5.3553257438,0.847227610639,59.3619763936,1.23130837333,0.379937911158,21.7053291557,-0.253238891254,0.211278511031,0.988549430395,3.19110683722,1.0,614.433553296,-0.808551151954
967,5.37824311932,0.840484120249,59.6725975338,1.23925881962,0.378596454233,21.2077560093,-0.249914867481,0.209388840174,0.989331356994,3.18809128562,1.0,614.402708662,-0.768694705781
968,5.4015278594,0.833861924764,59.9809176637,1.24737349538,0.376448179909,20.699383728,-0.246519202896,0.207041083879,0.990110342941,3.18505243709,1.0,614.363600268,-0.72849284268
969,5.42518180022,0.827366576402,60.2865583295,1.25565333502,0.375172234992,20.1801099813,-0.243058327661,0.205256606661,0.990843497231,3.18219627494,1.0,614.333274703,-0.691867031022
970,5.44920623107,0.821003736281,60.5891228304,1.26409902823,0.37310880872,19.6498491027,-0.239539904957,0.203036058434,0.991567463907,3.1793389498,1.0,614.294791981,-0.654879693974
971,5.47360184604,0.814779166055,60.8881964618,1.27271099775,0.371911214562,19.1085339124,-0.235973032201,0.201363699528,0.992245358864,3.17665868451,1.0,614.265247588,-0.620922986576
972,5.49836869571,0.808698718037,61.1833469297,1.28148937689,0.369945263026,18.5561175943,-0.232368482612,0.19927607281,0.992908566205,3.17399765531,1.0,614.227669024,-0.586664496415
973,5.52350613827,0.802768323981,61.4741249411,1.29043398688,0.368035931929,17.9925756339,-0.228738997766,0.197261140882,0.993539035363,3.1714426721,1.0,614.190642434,-0.553704433214
974,5.54901278984,0.796993982685,61.7600649765,1.29954431374,0.366984219855,17.4179078305,-0.225099645217,0.19577408611,0.994123955785,3.16905648197,1.0,614.162825889,-0.523225529377
975,5.57488647597,0.791381745934,62.0406862775,1.30881948572,0.36519218065,16.8321403358,-0.221468259522,0.1939006348,0.994687706677,3.16671610556,1.0,614.127172289,-0.492600057231
976,5.60112418361,0.785937703122,62.3154940473,1.31825825089,0.363466689118,16.2353277411,-0.217865991906,0.192103763154,0.995216721018,3.16448916955,1.0,614.092320723,-0.463134008644
977,5.62772201528,0.780667964281,62.5839808857,1.32785895561,0.361811082124,15.6275551839,-0.214318002571,0.190384696905,0.9957107874,3.1623773262,1.0,614.058360591,-0.434802263235
978,5.65467514448,0.775578641858,62.8456284516,1.33761952373,0.360228722117,15.008940504,-0.210854342965,0.188744679215,0.996169922578,3.16038180753,1.0,614.025383669,-0.407588654538
979,5.68197777495,0.770675830866,63.0999093793,1.34753743739,0.358722987907,14.3796364104,-0.207511093632,0.187184968393,0.996594373179,3.15850338972,1.0,613.993483742,-0.381484626717
980,5.70962310329,0.765965587754,63.3462894347,1.35760971935,0.357297264718,13.7398327055,-0.204331851274,0.185706835438,0.996984614131,3.15674235827,1.0,613.962756182,-0.356488135562
981,5.73760328599,0.761453907973,63.584229915,1.36783291744,0.35595493351,13.0897585885,-0.201369699573,0.184311561396,0.997341343542,3.1550984741,1.0,613.933297469,-0.332602728646
982,5.76590941233,0.757146702257,63.8131902898,1.37820309151,0.354699359562,12.4296850853,-0.186496609522,0.18300043449,0.997940266265,3.15286833208,1.0,613.905204664,-0.29048450172
983,5.79453148232,0.753049772012,64.0326310591,1.38871580292,0.353533880494,11.7599277507,-0.167787722762,0.181774747165,0.998504531118,3.15067876951,1.0,613.87857483,-0.245743474327
984,5.82345839262,0.749168783614,64.2420168278,1.39936610753,0.352461793625,11.080849769,-0.148338537829,0.18063579292,0.998960112972,3.14872909472,1.0,613.853504408,-0.203664473169
985,5.85267792958,0.745509242068,64.4408195624,1.41014855206,0.351486342883,10.3928657922,-0.128030150698,0.179584863061,0.999317205423,3.14701437856,1.0,613.830088551,-0.164172978198
986,5.88217677075,0.742076464141,64.6285220061,1.42105717433,0.350610705299,9.69644700031,-0.106706239017,0.178623243375,0.999586351154,3.14552836324,1.0,613.808420419,-0.127224512073
987,5.9119404954,0.738875551209,64.8046212174,1.4320855077,0.349098362052,8.99212824036,-0.0841575060901,0.177370339426,0.999778781468,3.1442577529,1.0,613.779835142,-0.0926034012289
988,5.94195360453,0.735911362106,64.9686321926,1.44322658989,0.348434512302,8.28051872329,-0.0600978303118,0.176594574198,0.99990417712,3.14320699101,1.0,613.761931886,-0.0607675450711
989,5.97219955081,0.733188486233,65.1200915284,1.45447297644,0.347145302804,7.56231894022,-0.0341264904367,0.175536291403,0.999974245118,3.1423555939,1.0,613.737252601,-0.0313971883446
990,6.00266077863,0.730711217237,65.2585610748,1.46581675882,0.346703824301,6.83834877426,-0.00566603027688,0.174950178648,0.999999418791,3.14169617607,1.0,613.723455477,-0.00470807754121
991,6.03331877449,0.728483527578,65.3836315269,1.47724958741,0.345646842421,6.10959660146,0.0261446061157,0.174089039594,0.999990135845,3.14121268315,1.0,613.703015128,0.0193497285843
992,6.06415412755,0.726509044281,65.4949258994,1.48876269914,0.34543723677,5.37730987818,0.0626439055252,0.173696223205,0.999956131706,3.14088931559,1.0,613.693623536,0.0407686129143
993,6.09514660003,0.72479102621,65.5921028299,1.50034694979,0.34462036131,4.64317346227,0.106022717801,0.173034578801,0.999906622397,3.14071149409,1.0,613.677707984,0.0593859985191
994,6.12627520714,0.723332343149,65.6748596535,1.51199285068,0.344650849681,3.90969013925,0.160109132007,0.172838496695,0.999849537854,3.14065810559,1.0,613.672967832,0.0753673422655
995,6.15751830586,0.722135457005,65.7429351961,1.52369060952,0.344080561589,3.18108147669,0.232181174357,0.172378475214,0.999792632125,3.14071381567,1.0,613.661804653,0.0883929808524
996,6.18885369113,0.721202405401,65.7961122333,1.53543017471,0.343635984448,2.46573263374,0.337694856404,0.172020501299,0.999741824048,3.14085645245,1.0,613.653076377,0.0985579847888
997,6.22025870022,0.720534787863,65.834219574,1.5472012834,0.343317880396,1.784128119,0.514426823096,0.171764708642,0.999701981635,3.14106495662,1.0,613.646817167,0.105837647455
998,6.25171032121,0.720133754892,65.8571337212,1.55899351159,0.343126797619,1.20020411211,0.866333716901,0.171611193995,0.999676643367,3.14131769694,1.0,613.643051695,0.110213243176
999,6.28318530718,0.72,65.8647800854,1.57079632679,0.343063066559,0.926740624316,1.57079632679,0.171560015912,0.999667957219,3.14159265359,1.0,613.641794874,0.111673097005
